% == initial setup ==
2     %no of variables in each line of data, P, T
10     %effective system size:
2 1    % which columns to be x,y in phase diagram

%
% == start of points/line ==

% ------------------------------
u3   spn g ol opx cpx  - liq

i1  i2

21.182 1399.73   % liq = 0  46.91  16.66  10.31  12.14   7.50   1.19   3.82   0.45   0.93   0.09
21.352 1401.44   % liq = 0  46.92  16.64  10.28  12.14   7.48   1.20   3.84   0.45   0.95   0.10

% ------------------------------
u4   g ol opx cpx  - liq

i2  i3

21.352 1401.44   % liq = 0  46.93  16.62  10.27  12.14   7.47   1.21   3.85   0.45   0.96   0.10
21.852 1409.93   % liq = 0  46.77  16.37  10.35  12.41   7.64   1.19   3.73   0.45   1.00   0.10
22.352 1418.24   % liq = 0  46.61  16.11  10.43  12.67   7.80   1.18   3.61   0.44   1.04   0.10
22.852 1426.37   % liq = 0  46.46  15.86  10.50  12.93   7.96   1.17   3.49   0.44   1.08   0.11
23.352 1434.33   % liq = 0  46.30  15.60  10.57  13.20   8.12   1.15   3.38   0.44   1.13   0.11
23.852 1442.11   % liq = 0  46.15  15.35  10.64  13.46   8.28   1.14   3.26   0.44   1.17   0.11
24.352 1449.72   % liq = 0  46.00  15.10  10.70  13.72   8.43   1.13   3.16   0.44   1.21   0.11
24.852 1457.16   % liq = 0  45.85  14.85  10.76  13.97   8.58   1.12   3.05   0.44   1.26   0.12
25.352 1464.43   % liq = 0  45.71  14.61  10.82  14.23   8.73   1.11   2.95   0.44   1.30   0.12
25.852 1471.55   % liq = 0  45.56  14.36  10.87  14.48   8.88   1.09   2.85   0.44   1.35   0.12
26.352 1478.50   % liq = 0  45.42  14.12  10.92  14.73   9.02   1.08   2.75   0.44   1.40   0.12
26.852 1485.30   % liq = 0  45.29  13.88  10.96  14.98   9.16   1.07   2.65   0.44   1.44   0.12
27.352 1491.94   % liq = 0  45.15  13.64  11.00  15.23   9.30   1.06   2.56   0.44   1.49   0.12
27.852 1498.44   % liq = 0  45.02  13.41  11.04  15.47   9.43   1.05   2.47   0.44   1.53   0.12
28.352 1504.80   % liq = 0  44.90  13.18  11.08  15.71   9.56   1.04   2.39   0.44   1.58   0.13
28.852 1511.02   % liq = 0  44.77  12.95  11.11  15.95   9.69   1.03   2.31   0.45   1.63   0.13
29.352 1517.10   % liq = 0  44.65  12.72  11.14  16.19   9.81   1.02   2.22   0.45   1.67   0.13
29.852 1523.06   % liq = 0  44.53  12.50  11.17  16.42   9.94   1.01   2.15   0.45   1.71   0.13
30.352 1528.88   % liq = 0  44.42  12.28  11.19  16.65  10.05   1.00   2.07   0.45   1.76   0.13
30.566 1531.34   % liq = 0, opx = 0  44.37  12.19  11.20  16.74  10.10   1.00   2.04   0.45   1.78   0.13

% ------------------------------
u5   g ol cpx  - liq

i3  end

30.566 1532.04   % liq = 0  44.39  12.22  11.20  16.78  10.12   0.99   2.03   0.45   1.68   0.12
31.066 1537.17   % liq = 0  44.32  12.03  11.22  16.97  10.22   1.00   1.98   0.46   1.68   0.12
31.566 1542.22   % liq = 0  44.26  11.85  11.24  17.16  10.31   1.00   1.92   0.47   1.67   0.12
32.066 1547.20   % liq = 0  44.19  11.66  11.26  17.34  10.40   1.01   1.87   0.48   1.67   0.12
32.566 1552.09   % liq = 0  44.13  11.48  11.28  17.53  10.48   1.01   1.81   0.49   1.67   0.12
33.066 1556.91   % liq = 0  44.07  11.30  11.29  17.71  10.57   1.02   1.76   0.50   1.66   0.12
33.566 1561.65   % liq = 0  44.01  11.12  11.31  17.89  10.65   1.02   1.71   0.51   1.66   0.12
34.066 1566.32   % liq = 0  43.95  10.94  11.32  18.07  10.73   1.03   1.66   0.52   1.65   0.11
34.566 1570.92   % liq = 0  43.89  10.77  11.34  18.25  10.81   1.03   1.61   0.53   1.65   0.11
35.066 1575.45   % liq = 0  43.84  10.60  11.35  18.43  10.89   1.04   1.57   0.54   1.64   0.11
35.566 1579.90   % liq = 0  43.78  10.43  11.36  18.60  10.97   1.04   1.52   0.54   1.64   0.11
36.066 1584.29   % liq = 0  43.73  10.27  11.37  18.77  11.04   1.05   1.47   0.55   1.63   0.11
36.566 1588.62   % liq = 0  43.68  10.11  11.37  18.95  11.12   1.05   1.43   0.56   1.63   0.11
37.066 1592.88   % liq = 0  43.63   9.95  11.38  19.12  11.19   1.06   1.39   0.56   1.62   0.11
37.566 1597.07   % liq = 0  43.58   9.79  11.38  19.29  11.26   1.06   1.35   0.57   1.61   0.11
38.066 1601.21   % liq = 0  43.54   9.64  11.39  19.45  11.32   1.07   1.30   0.57   1.61   0.11
38.566 1605.28   % liq = 0  43.49   9.49  11.39  19.62  11.39   1.07   1.26   0.58   1.60   0.10
39.066 1609.29   % liq = 0  43.45   9.34  11.39  19.78  11.46   1.08   1.23   0.58   1.59   0.10
39.566 1613.25   % liq = 0  43.41   9.20  11.39  19.95  11.52   1.08   1.19   0.59   1.58   0.10
40.066 1617.15   % liq = 0  43.37   9.05  11.39  20.11  11.58   1.09   1.15   0.59   1.58   0.10
40.566 1620.99   % liq = 0  43.33   8.91  11.39  20.27  11.64   1.09   1.11   0.60   1.57   0.10
41.066 1624.78   % liq = 0  43.29   8.78  11.38  20.42  11.70   1.10   1.08   0.60   1.56   0.10
41.566 1628.51   % liq = 0  43.25   8.64  11.38  20.58  11.75   1.10   1.05   0.60   1.55   0.10
42.066 1632.19   % liq = 0  43.22   8.51  11.37  20.73  11.81   1.11   1.01   0.60   1.54   0.10
42.566 1635.82   % liq = 0  43.18   8.38  11.37  20.88  11.86   1.11   0.98   0.61   1.53   0.09
43.066 1639.40   % liq = 0  43.15   8.25  11.36  21.03  11.91   1.12   0.95   0.61   1.52   0.09
43.566 1642.93   % liq = 0  43.12   8.13  11.35  21.18  11.96   1.12   0.92   0.61   1.52   0.09
44.066 1646.41   % liq = 0  43.09   8.01  11.34  21.33  12.01   1.13   0.89   0.61   1.51   0.09
44.566 1649.84   % liq = 0  43.06   7.89  11.33  21.48  12.06   1.13   0.86   0.61   1.50   0.09
45.066 1653.23   % liq = 0  43.03   7.77  11.32  21.62  12.10   1.14   0.83   0.61   1.49   0.09
45.566 1656.57   % liq = 0  43.00   7.66  11.31  21.76  12.15   1.14   0.81   0.61   1.48   0.09
46.066 1659.86   % liq = 0  42.98   7.54  11.30  21.90  12.19   1.15   0.78   0.61   1.47   0.09
46.566 1663.11   % liq = 0  42.95   7.43  11.28  22.04  12.23   1.15   0.75   0.61   1.46   0.09
47.066 1666.32   % liq = 0  42.93   7.33  11.27  22.18  12.27   1.16   0.73   0.61   1.45   0.08
47.566 1669.49   % liq = 0  42.90   7.22  11.25  22.31  12.31   1.16   0.71   0.61   1.44   0.08
48.066 1672.61   % liq = 0  42.88   7.12  11.24  22.45  12.35   1.17   0.68   0.60   1.43   0.08
48.566 1675.70   % liq = 0  42.86   7.02  11.22  22.58  12.39   1.17   0.66   0.60   1.42   0.08
49.066 1678.74   % liq = 0  42.84   6.92  11.20  22.71  12.42   1.18   0.64   0.60   1.41   0.08
49.566 1681.75   % liq = 0  42.82   6.82  11.19  22.84  12.46   1.18   0.62   0.60   1.40   0.08
50.000 1684.32   % liq = 0  42.80   6.74  11.17  22.95  12.48   1.19   0.60   0.60   1.40   0.08
50.500 1687.26   % liq = 0  42.78   6.65  11.15  23.07  12.52   1.19   0.58   0.59   1.39   0.08
51.000 1690.15   % liq = 0  42.77   6.56  11.13  23.20  12.55   1.20   0.56   0.59   1.38   0.08
51.500 1693.01   % liq = 0  42.75   6.47  11.11  23.32  12.58   1.20   0.54   0.59   1.37   0.08
52.000 1695.84   % liq = 0  42.74   6.38  11.09  23.44  12.60   1.21   0.52   0.58   1.36   0.07
52.500 1698.63   % liq = 0  42.72   6.30  11.07  23.56  12.63   1.21   0.50   0.58   1.35   0.07
53.000 1701.39   % liq = 0  42.71   6.22  11.05  23.68  12.66   1.22   0.49   0.58   1.34   0.07
53.500 1704.11   % liq = 0  42.69   6.14  11.02  23.79  12.68   1.23   0.47   0.57   1.33   0.07
54.000 1706.80   % liq = 0  42.68   6.06  11.00  23.91  12.70   1.23   0.45   0.57   1.32   0.07
54.500 1709.45   % liq = 0  42.67   5.98  10.98  24.02  12.73   1.24   0.44   0.57   1.31   0.07
55.000 1712.08   % liq = 0  42.66   5.91  10.95  24.14  12.75   1.24   0.42   0.56   1.30   0.07
55.500 1714.67   % liq = 0  42.64   5.83  10.93  24.25  12.77   1.25   0.41   0.56   1.29   0.07
56.000 1717.24   % liq = 0  42.63   5.76  10.90  24.35  12.79   1.26   0.40   0.55   1.28   0.07
56.500 1719.77   % liq = 0  42.62   5.69  10.88  24.46  12.81   1.26   0.38   0.55   1.28   0.07
57.000 1722.27   % liq = 0  42.62   5.63  10.85  24.57  12.83   1.27   0.37   0.54   1.27   0.07
57.500 1724.75   % liq = 0  42.61   5.56  10.82  24.67  12.84   1.28   0.36   0.54   1.26   0.06
58.000 1727.19   % liq = 0  42.60   5.50  10.80  24.78  12.86   1.28   0.34   0.53   1.25   0.06
58.500 1729.61   % liq = 0  42.59   5.43  10.77  24.88  12.87   1.29   0.33   0.53   1.24   0.06
59.000 1732.00   % liq = 0  42.58   5.37  10.74  24.98  12.89   1.30   0.32   0.53   1.23   0.06
59.500 1734.37   % liq = 0  42.58   5.31  10.71  25.08  12.90   1.30   0.31   0.52   1.22   0.06
60.000 1736.70   % liq = 0  42.57   5.25  10.69  25.18  12.92   1.31   0.30   0.52   1.21   0.06
60.500 1739.01   % liq = 0  42.57   5.20  10.66  25.27  12.93   1.32   0.29   0.51   1.21   0.06
61.000 1741.30   % liq = 0  42.56   5.14  10.63  25.37  12.94   1.32   0.28   0.51   1.20   0.06
61.500 1743.56   % liq = 0  42.56   5.09  10.60  25.46  12.95   1.33   0.27   0.50   1.19   0.06
62.000 1745.80   % liq = 0  42.55   5.03  10.57  25.56  12.96   1.34   0.26   0.50   1.18   0.06
62.500 1748.01   % liq = 0  42.55   4.98  10.54  25.65  12.97   1.35   0.25   0.49   1.17   0.06
63.000 1750.20   % liq = 0  42.54   4.93  10.51  25.74  12.97   1.35   0.24   0.49   1.17   0.06
63.500 1752.36   % liq = 0  42.54   4.88  10.48  25.83  12.98   1.36   0.23   0.48   1.16   0.06
64.000 1754.50   % liq = 0  42.54   4.84  10.45  25.92  12.99   1.37   0.22   0.48   1.15   0.06
64.500 1756.62   % liq = 0  42.53   4.79  10.42  26.00  12.99   1.38   0.22   0.47   1.14   0.05
65.000 1758.72   % liq = 0  42.53   4.75  10.39  26.09  13.00   1.38   0.21   0.47   1.13   0.05
65.500 1760.79   % liq = 0  42.53   4.70  10.35  26.17  13.00   1.39   0.20   0.46   1.13   0.05
66.000 1762.84   % liq = 0  42.53   4.66  10.32  26.26  13.01   1.40   0.19   0.46   1.12   0.05
66.500 1764.88   % liq = 0  42.53   4.62  10.29  26.34  13.01   1.41   0.19   0.45   1.11   0.05
67.000 1766.89   % liq = 0  42.53   4.58  10.26  26.42  13.01   1.42   0.18   0.45   1.10   0.05
67.500 1768.88   % liq = 0  42.53   4.54  10.23  26.50  13.01   1.43   0.17   0.44   1.10   0.05
68.000 1770.85   % liq = 0  42.53   4.51  10.19  26.58  13.02   1.44   0.17   0.44   1.09   0.05
68.500 1772.80   % liq = 0  42.53   4.47  10.16  26.66  13.02   1.45   0.16   0.43   1.08   0.05
69.000 1774.73   % liq = 0  42.53   4.43  10.13  26.73  13.02   1.45   0.16   0.43   1.07   0.05
69.500 1776.64   % liq = 0  42.53   4.40  10.09  26.81  13.02   1.46   0.15   0.42   1.07   0.05
70.000 1778.53   % liq = 0  42.53   4.37  10.06  26.88  13.01   1.47   0.15   0.42   1.06   0.05

% ------------------------------
u7   liq g ol cpx  - opx

i3  end

30.566 1531.34   % liq = 0, opx = 0  44.37  12.19  11.20  16.74  10.10   1.00   2.04   0.45   1.78   0.13
31.066 1539.75   % opx = 0  44.15  11.86  11.34  17.22  10.34   0.78   1.96   0.45   1.77   0.13
31.566 1547.38   % opx = 0  43.98  11.56  11.44  17.62  10.52   0.64   1.88   0.46   1.76   0.13
32.066 1554.48   % opx = 0  43.85  11.30  11.52  17.99  10.66   0.54   1.80   0.46   1.75   0.14
32.566 1561.21   % opx = 0  43.74  11.06  11.57  18.32  10.79   0.47   1.73   0.46   1.73   0.14
33.066 1567.66   % opx = 0  43.64  10.83  11.61  18.64  10.89   0.42   1.66   0.45   1.71   0.14
33.566 1573.88   % opx = 0  43.56  10.62  11.64  18.94  10.98   0.38   1.60   0.45   1.68   0.14
34.066 1579.91   % opx = 0  43.50  10.42  11.65  19.23  11.07   0.34   1.54   0.45   1.66   0.14
34.566 1585.77   % opx = 0  43.43  10.23  11.66  19.50  11.14   0.31   1.49   0.45   1.64   0.15
35.066 1591.48   % opx = 0  43.38  10.05  11.66  19.77  11.21   0.29   1.44   0.44   1.61   0.15
35.566 1597.06   % opx = 0  43.33   9.88  11.66  20.03  11.27   0.27   1.39   0.44   1.59   0.15
36.066 1602.52   % opx = 0  43.29   9.71  11.64  20.29  11.32   0.26   1.35   0.44   1.56   0.15
36.566 1607.86   % opx = 0  43.24   9.55  11.63  20.53  11.38   0.24   1.31   0.43   1.54   0.15
37.066 1613.10   % opx = 0  43.21   9.39  11.60  20.78  11.42   0.23   1.27   0.43   1.52   0.15
37.566 1618.24   % opx = 0  43.17   9.24  11.58  21.01  11.47   0.22   1.23   0.43   1.50   0.15
38.066 1623.29   % opx = 0  43.14   9.09  11.55  21.25  11.51   0.21   1.20   0.42   1.48   0.15
38.566 1628.25   % opx = 0  43.11   8.95  11.52  21.48  11.55   0.20   1.17   0.42   1.46   0.15
39.066 1633.12   % opx = 0  43.08   8.81  11.48  21.71  11.59   0.20   1.13   0.42   1.44   0.15
39.566 1637.91   % opx = 0  43.05   8.68  11.45  21.93  11.63   0.19   1.11   0.41   1.42   0.15
40.066 1642.62   % opx = 0  43.02   8.55  11.41  22.15  11.66   0.18   1.08   0.41   1.40   0.15
40.566 1647.25   % opx = 0  42.99   8.42  11.37  22.36  11.70   0.18   1.05   0.41   1.38   0.15
41.066 1651.81   % opx = 0  42.97   8.29  11.32  22.58  11.73   0.17   1.02   0.40   1.36   0.15
41.566 1656.30   % opx = 0  42.95   8.17  11.28  22.79  11.76   0.17   1.00   0.40   1.34   0.15
42.066 1660.72   % opx = 0  42.92   8.05  11.24  23.00  11.78   0.16   0.97   0.40   1.33   0.15
42.566 1665.06   % opx = 0  42.90   7.93  11.19  23.20  11.81   0.16   0.95   0.40   1.31   0.15
43.066 1669.34   % opx = 0  42.88   7.82  11.14  23.40  11.84   0.16   0.93   0.39   1.30   0.15
43.566 1673.55   % opx = 0  42.86   7.71  11.10  23.60  11.86   0.15   0.91   0.39   1.28   0.14
44.066 1677.70   % opx = 0  42.83   7.60  11.05  23.80  11.89   0.15   0.88   0.39   1.27   0.14
44.566 1681.79   % opx = 0  42.81   7.49  11.00  24.00  11.91   0.15   0.86   0.39   1.25   0.14
45.066 1685.81   % opx = 0  42.79   7.38  10.95  24.19  11.93   0.14   0.84   0.38   1.24   0.14
45.566 1689.76   % opx = 0  42.77   7.28  10.90  24.38  11.96   0.14   0.82   0.38   1.23   0.14
46.066 1693.66   % opx = 0  42.75   7.17  10.86  24.57  11.98   0.14   0.81   0.38   1.21   0.14
46.566 1697.50   % opx = 0  42.74   7.07  10.81  24.75  12.00   0.14   0.79   0.37   1.20   0.14
47.066 1701.27   % opx = 0  42.72   6.97  10.76  24.93  12.02   0.14   0.77   0.37   1.19   0.14
47.566 1704.99   % opx = 0  42.70   6.88  10.71  25.11  12.04   0.13   0.75   0.37   1.18   0.13
48.066 1708.65   % opx = 0  42.68   6.78  10.66  25.29  12.05   0.13   0.73   0.37   1.16   0.13
48.566 1712.25   % opx = 0  42.66   6.69  10.62  25.47  12.07   0.13   0.72   0.36   1.15   0.13
49.066 1715.79   % opx = 0  42.65   6.59  10.57  25.64  12.09   0.13   0.70   0.36   1.14   0.13
49.566 1719.28   % opx = 0  42.63   6.50  10.52  25.81  12.11   0.13   0.69   0.36   1.13   0.13
50.000 1722.26   % opx = 0  42.61   6.42  10.48  25.95  12.12   0.13   0.67   0.36   1.12   0.13
50.500 1725.64   % opx = 0  42.60   6.33  10.44  26.12  12.14   0.12   0.66   0.36   1.11   0.13
51.000 1728.97   % opx = 0  42.58   6.24  10.39  26.28  12.15   0.12   0.64   0.35   1.10   0.12
51.500 1732.24   % opx = 0  42.57   6.16  10.35  26.45  12.17   0.12   0.63   0.35   1.09   0.12
52.000 1735.46   % opx = 0  42.55   6.07  10.30  26.60  12.18   0.12   0.61   0.35   1.09   0.12
52.500 1738.62   % opx = 0  42.53   5.99  10.26  26.76  12.20   0.12   0.60   0.35   1.08   0.12
53.000 1741.73   % opx = 0  42.52   5.90  10.22  26.91  12.21   0.12   0.58   0.34   1.07   0.12
53.500 1744.79   % opx = 0  42.50   5.82  10.18  27.06  12.23   0.12   0.57   0.34   1.06   0.12
54.000 1747.79   % opx = 0  42.49   5.74  10.14  27.21  12.24   0.12   0.55   0.34   1.05   0.11
54.500 1750.75   % opx = 0  42.47   5.66  10.10  27.36  12.26   0.12   0.54   0.34   1.05   0.11
55.000 1753.65   % opx = 0  42.46   5.58  10.06  27.50  12.27   0.12   0.53   0.34   1.04   0.11
55.500 1756.50   % opx = 0  42.44   5.50  10.02  27.64  12.29   0.12   0.51   0.33   1.03   0.11
56.000 1759.30   % opx = 0  42.43   5.42   9.99  27.78  12.30   0.12   0.50   0.33   1.02   0.11
56.500 1762.05   % opx = 0  42.41   5.35   9.95  27.92  12.31   0.12   0.49   0.33   1.02   0.11
57.000 1764.75   % opx = 0  42.40   5.27   9.92  28.05  12.33   0.12   0.48   0.33   1.01   0.10
57.500 1767.40   % opx = 0  42.38   5.20   9.88  28.18  12.34   0.12   0.46   0.33   1.00   0.10
58.000 1770.01   % opx = 0  42.37   5.12   9.85  28.31  12.36   0.11   0.45   0.32   1.00   0.10
58.500 1772.56   % opx = 0  42.36   5.05   9.82  28.44  12.37   0.11   0.44   0.32   0.99   0.10
59.000 1775.07   % opx = 0  42.34   4.98   9.79  28.56  12.38   0.11   0.43   0.32   0.99   0.10
59.500 1777.53   % opx = 0  42.33   4.91   9.76  28.68  12.40   0.11   0.42   0.32   0.98   0.10
60.000 1779.94   % opx = 0  42.31   4.84   9.73  28.80  12.41   0.11   0.41   0.32   0.98   0.10
60.500 1782.31   % opx = 0  42.30   4.77   9.70  28.91  12.43   0.11   0.39   0.32   0.97   0.09
61.000 1784.63   % opx = 0  42.29   4.70   9.67  29.03  12.44   0.11   0.38   0.31   0.97   0.09
61.500 1786.91   % opx = 0  42.27   4.63   9.65  29.14  12.46   0.12   0.37   0.31   0.96   0.09
62.000 1789.14   % opx = 0  42.26   4.56   9.62  29.25  12.47   0.12   0.36   0.31   0.96   0.09
62.500 1791.33   % opx = 0  42.25   4.49   9.60  29.35  12.49   0.12   0.35   0.31   0.95   0.09
63.000 1793.48   % opx = 0  42.23   4.43   9.58  29.46  12.50   0.12   0.34   0.31   0.95   0.09
63.500 1795.59   % opx = 0  42.22   4.36   9.55  29.56  12.52   0.12   0.33   0.31   0.95   0.08
64.000 1797.65   % opx = 0  42.21   4.30   9.53  29.66  12.54   0.12   0.32   0.30   0.94   0.08
64.500 1799.67   % opx = 0  42.20   4.24   9.51  29.75  12.55   0.12   0.31   0.30   0.94   0.08
65.000 1801.65   % opx = 0  42.18   4.17   9.49  29.84  12.57   0.12   0.30   0.30   0.93   0.08
65.500 1803.59   % opx = 0  42.17   4.11   9.47  29.94  12.59   0.12   0.29   0.30   0.93   0.08
66.000 1805.50   % opx = 0  42.16   4.05   9.46  30.02  12.60   0.12   0.28   0.30   0.93   0.08
66.500 1807.36   % opx = 0  42.15   3.99   9.44  30.11  12.62   0.12   0.27   0.30   0.92   0.08
67.000 1809.19   % opx = 0  42.13   3.93   9.42  30.20  12.64   0.12   0.27   0.30   0.92   0.07
67.500 1810.99   % opx = 0  42.12   3.87   9.41  30.28  12.65   0.12   0.26   0.30   0.92   0.07
68.000 1812.74   % opx = 0  42.11   3.81   9.39  30.36  12.67   0.12   0.25   0.29   0.92   0.07
68.500 1814.47   % opx = 0  42.10   3.76   9.38  30.43  12.69   0.13   0.24   0.29   0.91   0.07
69.000 1816.16   % opx = 0  42.09   3.70   9.36  30.51  12.71   0.13   0.23   0.29   0.91   0.07
69.500 1817.81   % opx = 0  42.08   3.64   9.35  30.58  12.73   0.13   0.22   0.29   0.91   0.07
70.000 1819.44   % opx = 0  42.07   3.59   9.34  30.65  12.75   0.13   0.22   0.29   0.91   0.07

% ------------------------------
u8   liq g ol opx cpx  - spn

i2  i4

21.352 1401.44   % spn = 0  46.93  16.62  10.27  12.14   7.48   1.21   3.85   0.45   0.96   0.10
21.361 1402.44   % spn = 0  46.88  16.59  10.31  12.21   7.52   1.15   3.83   0.45   0.96   0.10
21.369 1403.44   % spn = 0  46.82  16.55  10.36  12.28   7.57   1.09   3.81   0.46   0.96   0.10
21.376 1404.44   % spn = 0  46.76  16.51  10.42  12.35   7.61   1.04   3.79   0.46   0.96   0.10
21.382 1405.44   % spn = 0  46.70  16.48  10.47  12.41   7.66   0.99   3.77   0.46   0.96   0.10
21.388 1406.44   % spn = 0  46.64  16.44  10.52  12.49   7.70   0.94   3.74   0.47   0.96   0.10
21.393 1407.44   % spn = 0  46.58  16.40  10.57  12.56   7.75   0.89   3.72   0.47   0.96   0.10
21.398 1408.44   % spn = 0  46.52  16.36  10.63  12.63   7.80   0.84   3.69   0.47   0.96   0.10
21.401 1409.44   % spn = 0  46.46  16.32  10.68  12.70   7.84   0.80   3.66   0.48   0.96   0.10
21.404 1410.44   % spn = 0  46.39  16.29  10.74  12.77   7.89   0.75   3.62   0.48   0.95   0.10
21.407 1411.44   % spn = 0  46.33  16.25  10.80  12.85   7.93   0.71   3.59   0.49   0.95   0.11
21.408 1412.44   % spn = 0  46.26  16.21  10.86  12.92   7.98   0.67   3.55   0.49   0.95   0.11
21.410 1413.44   % spn = 0  46.20  16.17  10.92  12.99   8.03   0.64   3.51   0.49   0.94   0.11


% ------------------------------
u9   liq spn ol opx cpx  - g

i1  i4  connect

%21.198 1400.73   % g = 0  46.85  16.63  10.36  12.20   7.54   1.13   3.80   0.45   0.93   0.09
%21.214 1401.73   % g = 0  46.80  16.60  10.40  12.27   7.58   1.08   3.79   0.45   0.93   0.09
%21.230 1402.73   % g = 0  46.75  16.56  10.45  12.33   7.62   1.04   3.77   0.46   0.93   0.10
%21.246 1403.73   % g = 0  46.70  16.53  10.49  12.39   7.66   0.99   3.75   0.46   0.93   0.10
%21.261 1404.73   % g = 0  46.65  16.49  10.53  12.45   7.70   0.95   3.73   0.46   0.94   0.10
%21.277 1405.73   % g = 0  46.60  16.45  10.58  12.52   7.74   0.90   3.71   0.47   0.94   0.10
%21.292 1406.73   % g = 0  46.54  16.42  10.62  12.58   7.78   0.86   3.69   0.47   0.94   0.10
%21.307 1407.73   % g = 0  46.49  16.38  10.67  12.64   7.82   0.82   3.66   0.47   0.94   0.10
%21.323 1408.73   % g = 0  46.44  16.34  10.71  12.71   7.86   0.79   3.64   0.48   0.94   0.10
%21.338 1409.73   % g = 0  46.38  16.31  10.76  12.77   7.90   0.75   3.61   0.48   0.94   0.10
%21.354 1410.73   % g = 0  46.33  16.27  10.80  12.83   7.93   0.72   3.59   0.48   0.94   0.10
%21.370 1411.73   % g = 0  46.28  16.23  10.85  12.90   7.97   0.68   3.56   0.49   0.94   0.11
%21.386 1412.73   % g = 0  46.22  16.20  10.89  12.96   8.01   0.65   3.53   0.49   0.94   0.11
%21.403 1413.73   % g = 0  46.17  16.16  10.94  13.02   8.05   0.62   3.50   0.50   0.94   0.11

% ------------------------------
u10   liq ol opx cpx  - g

i4  i5

21.410 1414.17   % g = 0  46.15  16.14  10.96  13.05   8.06   0.61   3.48   0.50   0.94   0.11
21.910 1425.23   % g = 0  45.82  15.77  11.20  13.53   8.34   0.51   3.25   0.51   0.96   0.11
22.410 1435.64   % g = 0  45.53  15.41  11.41  13.98   8.59   0.43   3.04   0.52   0.97   0.12
22.910 1445.48   % g = 0  45.28  15.07  11.59  14.40   8.81   0.37   2.85   0.53   0.98   0.13
23.410 1454.84   % g = 0  45.07  14.74  11.75  14.79   9.00   0.32   2.68   0.53   0.98   0.13
23.910 1463.77   % g = 0  44.89  14.43  11.88  15.17   9.17   0.29   2.52   0.53   0.98   0.14
24.410 1472.33   % g = 0  44.73  14.13  12.00  15.53   9.32   0.26   2.38   0.54   0.98   0.15
24.910 1480.56   % g = 0  44.59  13.84  12.10  15.87   9.45   0.23   2.26   0.54   0.97   0.15
25.410 1488.51   % g = 0  44.48  13.56  12.18  16.20   9.57   0.21   2.14   0.54   0.96   0.16
25.910 1496.20   % g = 0  44.37  13.30  12.25  16.52   9.67   0.20   2.05   0.54   0.95   0.17
26.410 1503.66   % g = 0  44.29  13.04  12.30  16.82   9.76   0.18   1.96   0.54   0.93   0.17
26.910 1510.92   % g = 0  44.21  12.80  12.35  17.12   9.84   0.17   1.88   0.53   0.92   0.18
27.410 1517.99   % g = 0  44.15  12.56  12.38  17.41   9.91   0.16   1.81   0.53   0.90   0.18
27.910 1524.88   % g = 0  44.10  12.34  12.40  17.69   9.98   0.15   1.74   0.53   0.88   0.19
28.410 1531.63   % g = 0  44.05  12.12  12.42  17.97  10.03   0.14   1.68   0.53   0.86   0.19
28.910 1538.22   % g = 0  44.01  11.91  12.42  18.24  10.08   0.13   1.63   0.53   0.85   0.20
29.410 1544.69   % g = 0  43.97  11.71  12.42  18.50  10.12   0.13   1.59   0.53   0.83   0.20
29.910 1551.03   % g = 0  43.94  11.52  12.41  18.76  10.16   0.12   1.54   0.53   0.81   0.21
30.410 1557.26   % g = 0  43.92  11.33  12.39  19.02  10.20   0.12   1.51   0.52   0.79   0.21
30.910 1563.38   % g = 0  43.89  11.16  12.36  19.27  10.23   0.11   1.47   0.52   0.77   0.21
31.410 1569.40   % g = 0  43.87  10.99  12.33  19.52  10.25   0.11   1.44   0.52   0.75   0.21
31.910 1575.33   % g = 0  43.86  10.82  12.29  19.76  10.28   0.10   1.41   0.52   0.73   0.22
32.326 1580.20   % g = 0, cpx = 0  43.84  10.69  12.26  19.96  10.29   0.10   1.39   0.52   0.71   0.22

% ------------------------------
u11   liq g ol opx  - cpx

i5  end

32.326 1580.20   % g = 0, cpx = 0  43.84  10.69  12.26  19.96  10.29   0.10   1.39   0.52   0.71   0.22
32.826 1585.50   % cpx = 0  43.82  10.55  12.19  20.16  10.34   0.10   1.38   0.52   0.71   0.22
33.326 1590.76   % cpx = 0  43.81  10.42  12.13  20.36  10.38   0.10   1.36   0.51   0.71   0.22
33.826 1595.97   % cpx = 0  43.79  10.28  12.06  20.57  10.43   0.10   1.35   0.51   0.71   0.22
34.326 1601.13   % cpx = 0  43.76  10.15  11.99  20.77  10.47   0.10   1.33   0.50   0.71   0.21
34.826 1606.25   % cpx = 0  43.74  10.02  11.93  20.97  10.51   0.10   1.32   0.49   0.71   0.21
35.326 1611.31   % cpx = 0  43.72   9.89  11.86  21.17  10.55   0.10   1.30   0.49   0.71   0.21
35.826 1616.33   % cpx = 0  43.70   9.76  11.79  21.37  10.59   0.09   1.29   0.48   0.71   0.21
36.326 1621.30   % cpx = 0  43.68   9.64  11.72  21.58  10.63   0.09   1.27   0.48   0.70   0.21
36.826 1626.22   % cpx = 0  43.66   9.52  11.65  21.78  10.67   0.09   1.26   0.47   0.70   0.21
37.326 1631.09   % cpx = 0  43.64   9.40  11.58  21.98  10.70   0.09   1.24   0.47   0.70   0.21
37.826 1635.91   % cpx = 0  43.61   9.28  11.51  22.18  10.74   0.09   1.22   0.46   0.70   0.20
38.326 1640.69   % cpx = 0  43.59   9.16  11.44  22.39  10.77   0.09   1.21   0.45   0.70   0.20
38.826 1645.41   % cpx = 0  43.57   9.05  11.36  22.59  10.80   0.09   1.19   0.45   0.69   0.20
39.326 1650.08   % cpx = 0  43.55   8.94  11.29  22.79  10.83   0.09   1.17   0.44   0.69   0.20
39.826 1654.71   % cpx = 0  43.53   8.83  11.22  22.99  10.86   0.09   1.16   0.44   0.69   0.20
40.326 1659.28   % cpx = 0  43.50   8.72  11.15  23.19  10.89   0.09   1.14   0.43   0.68   0.20
40.826 1663.81   % cpx = 0  43.48   8.61  11.08  23.39  10.92   0.09   1.13   0.43   0.68   0.19
41.326 1668.29   % cpx = 0  43.46   8.51  11.01  23.59  10.95   0.09   1.11   0.42   0.68   0.19
41.826 1672.71   % cpx = 0  43.44   8.40  10.93  23.79  10.97   0.08   1.09   0.42   0.68   0.19
42.326 1677.09   % cpx = 0  43.42   8.30  10.86  23.99  10.99   0.08   1.08   0.41   0.67   0.19
42.826 1681.42   % cpx = 0  43.40   8.20  10.79  24.19  11.02   0.08   1.06   0.41   0.67   0.19
43.326 1685.70   % cpx = 0  43.37   8.10  10.72  24.38  11.04   0.08   1.05   0.40   0.67   0.18
43.826 1689.92   % cpx = 0  43.35   8.00  10.65  24.58  11.06   0.08   1.03   0.40   0.66   0.18
44.326 1694.10   % cpx = 0  43.33   7.91  10.58  24.77  11.08   0.08   1.02   0.39   0.66   0.18
44.826 1698.24   % cpx = 0  43.31   7.81  10.51  24.97  11.10   0.08   1.00   0.39   0.65   0.18
45.326 1702.32   % cpx = 0  43.29   7.72  10.44  25.16  11.12   0.08   0.99   0.38   0.65   0.18
45.826 1706.35   % cpx = 0  43.27   7.63  10.37  25.35  11.13   0.08   0.97   0.38   0.65   0.17
46.326 1710.34   % cpx = 0  43.25   7.54  10.30  25.54  11.15   0.08   0.96   0.37   0.64   0.17
46.826 1714.28   % cpx = 0  43.23   7.45  10.23  25.73  11.16   0.08   0.94   0.37   0.64   0.17
47.326 1718.17   % cpx = 0  43.21   7.36  10.17  25.91  11.18   0.08   0.93   0.36   0.64   0.17
47.826 1722.01   % cpx = 0  43.19   7.27  10.10  26.10  11.19   0.08   0.91   0.36   0.63   0.17
48.326 1725.80   % cpx = 0  43.18   7.18  10.03  26.28  11.20   0.08   0.90   0.35   0.63   0.16
48.826 1729.55   % cpx = 0  43.16   7.10   9.97  26.47  11.22   0.07   0.88   0.35   0.62   0.16
49.326 1733.25   % cpx = 0  43.14   7.01   9.90  26.65  11.23   0.07   0.87   0.35   0.62   0.16
49.826 1736.90   % cpx = 0  43.12   6.93   9.84  26.83  11.24   0.07   0.85   0.34   0.62   0.16
50.000 1738.16   % cpx = 0  43.11   6.90   9.81  26.89  11.24   0.07   0.85   0.34   0.62   0.16
50.500 1741.75   % cpx = 0  43.10   6.82   9.75  27.07  11.25   0.07   0.84   0.34   0.61   0.16
51.000 1745.29   % cpx = 0  43.08   6.74   9.69  27.24  11.26   0.07   0.82   0.33   0.61   0.15
51.500 1748.79   % cpx = 0  43.06   6.66   9.63  27.42  11.27   0.07   0.81   0.33   0.60   0.15
52.000 1752.24   % cpx = 0  43.05   6.58   9.57  27.59  11.27   0.07   0.80   0.32   0.60   0.15
52.500 1755.65   % cpx = 0  43.03   6.51   9.51  27.76  11.28   0.07   0.78   0.32   0.60   0.15
53.000 1759.01   % cpx = 0  43.01   6.43   9.45  27.93  11.29   0.07   0.77   0.32   0.59   0.15
53.500 1762.33   % cpx = 0  43.00   6.35   9.39  28.10  11.29   0.07   0.76   0.31   0.59   0.14
54.000 1765.60   % cpx = 0  42.98   6.28   9.33  28.27  11.30   0.07   0.74   0.31   0.59   0.14
54.500 1768.83   % cpx = 0  42.96   6.20   9.27  28.43  11.30   0.07   0.73   0.31   0.58   0.14
55.000 1772.02   % cpx = 0  42.95   6.13   9.22  28.59  11.31   0.07   0.72   0.30   0.58   0.14
55.500 1775.16   % cpx = 0  42.93   6.06   9.16  28.75  11.31   0.07   0.70   0.30   0.57   0.14
56.000 1778.26   % cpx = 0  42.92   5.99   9.11  28.91  11.31   0.07   0.69   0.30   0.57   0.13
56.500 1781.32   % cpx = 0  42.90   5.92   9.06  29.07  11.32   0.07   0.68   0.29   0.57   0.13
57.000 1784.33   % cpx = 0  42.89   5.85   9.00  29.22  11.32   0.07   0.67   0.29   0.56   0.13
57.500 1787.30   % cpx = 0  42.87   5.78   8.95  29.38  11.32   0.07   0.66   0.29   0.56   0.13
58.000 1790.24   % cpx = 0  42.86   5.71   8.90  29.53  11.32   0.07   0.64   0.28   0.56   0.13
58.500 1793.13   % cpx = 0  42.85   5.64   8.85  29.68  11.32   0.06   0.63   0.28   0.55   0.12
59.000 1795.98   % cpx = 0  42.83   5.57   8.81  29.83  11.33   0.06   0.62   0.28   0.55   0.12
59.500 1798.80   % cpx = 0  42.82   5.51   8.76  29.97  11.33   0.06   0.61   0.27   0.55   0.12
60.000 1801.57   % cpx = 0  42.80   5.44   8.71  30.12  11.33   0.06   0.60   0.27   0.54   0.12
60.500 1804.30   % cpx = 0  42.79   5.38   8.67  30.26  11.33   0.06   0.59   0.27   0.54   0.12
61.000 1807.00   % cpx = 0  42.78   5.31   8.62  30.40  11.33   0.06   0.58   0.27   0.53   0.12
61.500 1809.66   % cpx = 0  42.76   5.25   8.58  30.54  11.33   0.06   0.57   0.26   0.53   0.11
62.000 1812.29   % cpx = 0  42.75   5.19   8.54  30.68  11.33   0.06   0.55   0.26   0.53   0.11
62.500 1814.87   % cpx = 0  42.74   5.13   8.50  30.81  11.33   0.06   0.54   0.26   0.52   0.11
63.000 1817.42   % cpx = 0  42.73   5.07   8.46  30.94  11.33   0.06   0.53   0.26   0.52   0.11
63.500 1819.94   % cpx = 0  42.71   5.00   8.42  31.08  11.33   0.06   0.52   0.25   0.52   0.11
64.000 1822.42   % cpx = 0  42.70   4.94   8.38  31.21  11.33   0.06   0.51   0.25   0.51   0.11
64.500 1824.87   % cpx = 0  42.69   4.89   8.34  31.33  11.33   0.06   0.50   0.25   0.51   0.10
65.000 1827.29   % cpx = 0  42.68   4.83   8.30  31.46  11.33   0.06   0.49   0.25   0.51   0.10
65.500 1829.67   % cpx = 0  42.67   4.77   8.26  31.59  11.33   0.06   0.48   0.24   0.50   0.10
66.000 1832.02   % cpx = 0  42.65   4.71   8.23  31.71  11.32   0.06   0.47   0.24   0.50   0.10
66.500 1834.34   % cpx = 0  42.64   4.66   8.19  31.83  11.32   0.06   0.46   0.24   0.50   0.10
67.000 1836.63   % cpx = 0  42.63   4.60   8.16  31.95  11.32   0.06   0.45   0.24   0.49   0.10
67.500 1838.89   % cpx = 0  42.62   4.54   8.12  32.07  11.32   0.06   0.44   0.23   0.49   0.09
68.000 1841.12   % cpx = 0  42.61   4.49   8.09  32.18  11.32   0.06   0.43   0.23   0.49   0.09
68.500 1843.32   % cpx = 0  42.60   4.43   8.06  32.30  11.32   0.06   0.43   0.23   0.48   0.09
69.000 1845.50   % cpx = 0  42.59   4.38   8.03  32.41  11.32   0.06   0.42   0.23   0.48   0.09
69.500 1847.65   % cpx = 0  42.58   4.33   8.00  32.53  11.32   0.06   0.41   0.23   0.48   0.09
70.000 1849.77   % cpx = 0  42.56   4.28   7.97  32.64  11.31   0.06   0.40   0.22   0.48   0.09

% ------------------------------
u12   liq ol opx  - g

i5  end

32.326 1580.20   % g = 0  43.84  10.69  12.26  19.96  10.29   0.10   1.39   0.52   0.71   0.22
32.826 1587.51   % g = 0  43.79  10.57  12.12  20.27  10.35   0.10   1.36   0.51   0.71   0.22
33.326 1594.76   % g = 0  43.74  10.44  11.98  20.58  10.40   0.09   1.32   0.50   0.71   0.23
33.826 1601.95   % g = 0  43.69  10.31  11.83  20.89  10.46   0.09   1.29   0.50   0.70   0.24
34.326 1609.07   % g = 0  43.65  10.19  11.69  21.20  10.50   0.09   1.26   0.49   0.70   0.24
34.826 1616.13   % g = 0  43.60  10.07  11.54  21.51  10.55   0.09   1.23   0.48   0.69   0.25
35.326 1623.11   % g = 0  43.56   9.95  11.39  21.82  10.59   0.09   1.20   0.47   0.69   0.25
35.826 1630.02   % g = 0  43.52   9.84  11.24  22.13  10.63   0.08   1.17   0.46   0.68   0.26
36.326 1636.86   % g = 0  43.48   9.72  11.08  22.44  10.66   0.08   1.14   0.45   0.67   0.26
36.826 1643.63   % g = 0  43.44   9.61  10.93  22.75  10.70   0.08   1.12   0.44   0.67   0.27
37.326 1650.32   % g = 0  43.40   9.50  10.78  23.06  10.73   0.08   1.09   0.44   0.66   0.27
37.826 1656.93   % g = 0  43.37   9.38  10.63  23.36  10.75   0.08   1.07   0.43   0.66   0.28
38.326 1663.47   % g = 0  43.34   9.28  10.47  23.67  10.78   0.07   1.04   0.42   0.65   0.28
38.826 1669.93   % g = 0  43.30   9.17  10.32  23.98  10.80   0.07   1.02   0.41   0.64   0.29
39.326 1676.31   % g = 0  43.27   9.06  10.17  24.28  10.82   0.07   1.00   0.40   0.64   0.29
39.826 1682.61   % g = 0  43.25   8.95  10.02  24.59  10.83   0.07   0.97   0.40   0.63   0.29
40.326 1688.83   % g = 0  43.22   8.85   9.87  24.89  10.84   0.07   0.95   0.39   0.62   0.30
40.826 1694.98   % g = 0  43.19   8.75   9.72  25.19  10.85   0.07   0.93   0.38   0.62   0.30
41.326 1701.04   % g = 0  43.17   8.64   9.57  25.49  10.86   0.07   0.91   0.37   0.61   0.30
41.826 1707.03   % g = 0  43.15   8.54   9.43  25.79  10.86   0.06   0.89   0.37   0.61   0.31
42.326 1712.93   % g = 0  43.13   8.44   9.28  26.09  10.86   0.06   0.87   0.36   0.60   0.31
42.826 1718.76   % g = 0  43.11   8.34   9.14  26.38  10.86   0.06   0.85   0.35   0.59   0.31
43.326 1724.51   % g = 0  43.09   8.24   9.00  26.67  10.86   0.06   0.83   0.35   0.59   0.32
43.826 1730.18   % g = 0  43.07   8.14   8.86  26.96  10.85   0.06   0.81   0.34   0.58   0.32
44.326 1735.77   % g = 0  43.06   8.05   8.72  27.25  10.84   0.06   0.79   0.33   0.57   0.32
44.826 1741.28   % g = 0  43.04   7.95   8.58  27.54  10.83   0.06   0.78   0.33   0.57   0.32
45.326 1746.72   % g = 0  43.03   7.86   8.45  27.82  10.82   0.06   0.76   0.32   0.56   0.33
45.826 1752.08   % g = 0  43.02   7.76   8.32  28.10  10.80   0.05   0.74   0.32   0.55   0.33
46.326 1757.37   % g = 0  43.01   7.67   8.19  28.38  10.79   0.05   0.73   0.31   0.55   0.33
46.826 1762.58   % g = 0  43.00   7.58   8.06  28.65  10.77   0.05   0.71   0.31   0.54   0.33
47.326 1767.72   % g = 0  43.00   7.49   7.93  28.92  10.75   0.05   0.70   0.30   0.53   0.33
47.826 1772.78   % g = 0  42.99   7.40   7.81  29.19  10.72   0.05   0.68   0.29   0.53   0.34
48.326 1777.78   % g = 0  42.98   7.31   7.68  29.46  10.70   0.05   0.67   0.29   0.52   0.34
48.826 1782.70   % g = 0  42.98   7.22   7.56  29.72  10.67   0.05   0.65   0.28   0.52   0.34
49.326 1787.55   % g = 0  42.98   7.13   7.44  29.98  10.64   0.05   0.64   0.28   0.51   0.34
49.826 1792.33   % g = 0  42.98   7.05   7.33  30.24  10.61   0.05   0.62   0.27   0.50   0.34
50.000 1793.98   % g = 0  42.98   7.02   7.29  30.33  10.60   0.05   0.62   0.27   0.50   0.34
50.500 1798.67   % g = 0  42.98   6.94   7.17  30.59  10.57   0.05   0.61   0.27   0.49   0.34
51.000 1803.29   % g = 0  42.98   6.85   7.06  30.84  10.54   0.04   0.59   0.26   0.49   0.34
51.500 1807.85   % g = 0  42.98   6.77   6.95  31.09  10.51   0.04   0.58   0.26   0.48   0.34
52.000 1812.34   % g = 0  42.98   6.69   6.85  31.33  10.47   0.04   0.57   0.25   0.48   0.34
52.500 1816.77   % g = 0  42.98   6.61   6.74  31.57  10.43   0.04   0.56   0.25   0.47   0.34
53.000 1821.13   % g = 0  42.99   6.53   6.64  31.81  10.39   0.04   0.55   0.25   0.47   0.34
53.500 1825.43   % g = 0  42.99   6.45   6.53  32.05  10.36   0.04   0.53   0.24   0.46   0.34
54.000 1829.67   % g = 0  43.00   6.37   6.43  32.28  10.32   0.04   0.52   0.24   0.45   0.34
54.500 1833.85   % g = 0  43.00   6.30   6.33  32.51  10.27   0.04   0.51   0.23   0.45   0.34
55.000 1837.96   % g = 0  43.01   6.22   6.24  32.74  10.23   0.04   0.50   0.23   0.44   0.34
55.500 1842.02   % g = 0  43.02   6.15   6.14  32.96  10.19   0.04   0.49   0.23   0.44   0.34
56.000 1846.02   % g = 0  43.02   6.08   6.05  33.19  10.15   0.04   0.48   0.22   0.43   0.34
56.500 1849.97   % g = 0  43.03   6.00   5.96  33.40  10.10   0.04   0.47   0.22   0.43   0.34
57.000 1853.85   % g = 0  43.04   5.93   5.87  33.62  10.06   0.04   0.46   0.21   0.42   0.34
57.500 1857.69   % g = 0  43.05   5.86   5.78  33.83  10.01   0.04   0.45   0.21   0.42   0.34
58.000 1861.46   % g = 0  43.06   5.79   5.70  34.04   9.97   0.04   0.44   0.21   0.41   0.34
58.500 1865.19   % g = 0  43.07   5.72   5.61  34.25   9.92   0.03   0.44   0.20   0.41   0.34
59.000 1868.86   % g = 0  43.08   5.66   5.53  34.45   9.87   0.03   0.43   0.20   0.40   0.34
59.500 1872.47   % g = 0  43.09   5.59   5.45  34.65   9.83   0.03   0.42   0.20   0.40   0.34
60.000 1876.04   % g = 0  43.10   5.53   5.37  34.85   9.78   0.03   0.41   0.20   0.39   0.33
60.500 1879.56   % g = 0  43.11   5.46   5.30  35.05   9.73   0.03   0.40   0.19   0.39   0.33
61.000 1883.02   % g = 0  43.12   5.40   5.22  35.24   9.68   0.03   0.39   0.19   0.39   0.33
61.500 1886.44   % g = 0  43.14   5.34   5.15  35.43   9.64   0.03   0.39   0.19   0.38   0.33
62.000 1889.81   % g = 0  43.15   5.28   5.07  35.62   9.59   0.03   0.38   0.18   0.38   0.33
62.500 1893.13   % g = 0  43.16   5.21   5.00  35.80   9.54   0.03   0.37   0.18   0.37   0.33
63.000 1896.40   % g = 0  43.17   5.16   4.93  35.98   9.49   0.03   0.36   0.18   0.37   0.33
63.500 1899.63   % g = 0  43.18   5.10   4.86  36.16   9.44   0.03   0.36   0.18   0.36   0.33
64.000 1902.81   % g = 0  43.19   5.04   4.80  36.34   9.39   0.03   0.35   0.17   0.36   0.32
64.500 1905.95   % g = 0  43.21   4.98   4.73  36.51   9.35   0.03   0.34   0.17   0.36   0.32
65.000 1909.05   % g = 0  43.22   4.93   4.67  36.68   9.30   0.03   0.34   0.17   0.35   0.32
65.500 1912.10   % g = 0  43.23   4.87   4.61  36.85   9.25   0.03   0.33   0.17   0.35   0.32
66.000 1915.10   % g = 0  43.24   4.82   4.54  37.02   9.20   0.03   0.33   0.16   0.34   0.32
66.500 1918.07   % g = 0  43.25   4.76   4.48  37.18   9.15   0.03   0.32   0.16   0.34   0.32
67.000 1920.99   % g = 0  43.27   4.71   4.43  37.34   9.11   0.03   0.31   0.16   0.34   0.31
67.500 1923.87   % g = 0  43.28   4.66   4.37  37.50   9.06   0.03   0.31   0.16   0.33   0.31
68.000 1926.72   % g = 0  43.29   4.61   4.31  37.65   9.01   0.03   0.30   0.15   0.33   0.31
68.500 1929.52   % g = 0  43.30   4.56   4.26  37.81   8.96   0.03   0.30   0.15   0.33   0.31
69.000 1932.28   % g = 0  43.31   4.51   4.20  37.96   8.92   0.03   0.29   0.15   0.32   0.31
69.500 1935.01   % g = 0  43.32   4.46   4.15  38.10   8.87   0.03   0.29   0.15   0.32   0.31
70.000 1937.70   % g = 0  43.33   4.42   4.10  38.25   8.83   0.02   0.28   0.15   0.32   0.30

% ------------------------------
u13   liq ol opx  - cpx

i9  i5

2.847 1225.34   % pl = 0, cpx = 0  51.65  15.27  13.36  10.22   6.20   0.10   1.67   0.45   0.93   0.15
3.100 1230.06   % cpx = 0  51.42  15.29  13.40  10.32   6.26   0.10   1.68   0.45   0.92   0.15
3.600 1239.18   % cpx = 0  50.97  15.31  13.48  10.51   6.39   0.11   1.71   0.45   0.92   0.15
4.100 1248.02   % cpx = 0  50.55  15.33  13.56  10.70   6.51   0.11   1.73   0.46   0.91   0.15
4.600 1256.62   % cpx = 0  50.16  15.33  13.62  10.88   6.63   0.11   1.75   0.46   0.90   0.15
5.100 1264.99   % cpx = 0  49.79  15.33  13.68  11.06   6.74   0.11   1.77   0.46   0.90   0.15
5.600 1273.14   % cpx = 0  49.45  15.32  13.73  11.24   6.85   0.11   1.79   0.47   0.89   0.15
6.100 1281.09   % cpx = 0  49.13  15.30  13.78  11.41   6.96   0.11   1.80   0.47   0.89   0.15
6.600 1288.85   % cpx = 0  48.83  15.27  13.82  11.58   7.06   0.11   1.82   0.48   0.88   0.15
7.100 1296.44   % cpx = 0  48.55  15.24  13.85  11.75   7.17   0.11   1.83   0.48   0.88   0.15
7.600 1303.86   % cpx = 0  48.29  15.20  13.88  11.91   7.26   0.12   1.84   0.48   0.87   0.15
8.100 1311.14   % cpx = 0  48.05  15.15  13.90  12.08   7.36   0.12   1.85   0.49   0.87   0.15
8.600 1318.27   % cpx = 0  47.82  15.10  13.92  12.24   7.45   0.12   1.86   0.49   0.87   0.15
9.100 1325.27   % cpx = 0  47.61  15.04  13.93  12.40   7.54   0.12   1.87   0.49   0.86   0.15
9.600 1332.14   % cpx = 0  47.41  14.98  13.94  12.55   7.62   0.12   1.87   0.50   0.86   0.15
10.100 1338.90   % cpx = 0  47.22  14.91  13.95  12.71   7.71   0.12   1.88   0.50   0.85   0.15
10.600 1345.54   % cpx = 0  47.05  14.84  13.95  12.87   7.79   0.12   1.88   0.50   0.85   0.15
11.100 1352.08   % cpx = 0  46.88  14.76  13.95  13.02   7.87   0.12   1.88   0.51   0.85   0.15
11.600 1358.53   % cpx = 0  46.73  14.69  13.95  13.17   7.95   0.12   1.88   0.51   0.84   0.15
12.100 1364.88   % cpx = 0  46.59  14.61  13.94  13.33   8.03   0.12   1.88   0.51   0.84   0.15
12.600 1371.14   % cpx = 0  46.45  14.52  13.93  13.48   8.10   0.12   1.88   0.52   0.84   0.15
13.100 1377.32   % cpx = 0  46.32  14.44  13.92  13.63   8.18   0.12   1.88   0.52   0.83   0.15
13.600 1383.41   % cpx = 0  46.20  14.35  13.91  13.78   8.25   0.12   1.88   0.52   0.83   0.16
14.100 1389.44   % cpx = 0  46.09  14.26  13.89  13.93   8.32   0.12   1.88   0.53   0.83   0.16
14.600 1395.39   % cpx = 0  45.98  14.17  13.88  14.08   8.39   0.12   1.87   0.53   0.82   0.16
15.100 1401.28   % cpx = 0  45.88  14.08  13.86  14.24   8.46   0.12   1.87   0.53   0.82   0.16
15.600 1407.11   % cpx = 0  45.78  13.98  13.83  14.39   8.52   0.12   1.86   0.53   0.82   0.16
16.100 1412.87   % cpx = 0  45.69  13.89  13.81  14.54   8.59   0.12   1.86   0.54   0.81   0.16
16.600 1418.58   % cpx = 0  45.60  13.79  13.78  14.69   8.65   0.12   1.85   0.54   0.81   0.16
17.100 1424.24   % cpx = 0  45.51  13.69  13.76  14.84   8.72   0.12   1.84   0.54   0.81   0.16
17.600 1429.85   % cpx = 0  45.43  13.60  13.73  15.00   8.78   0.12   1.83   0.54   0.80   0.17
18.100 1435.41   % cpx = 0  45.35  13.50  13.70  15.15   8.84   0.12   1.83   0.54   0.80   0.17
18.600 1440.93   % cpx = 0  45.28  13.40  13.67  15.31   8.90   0.12   1.82   0.55   0.80   0.17
19.100 1446.41   % cpx = 0  45.21  13.30  13.63  15.46   8.97   0.12   1.81   0.55   0.79   0.17
19.600 1451.86   % cpx = 0  45.14  13.20  13.60  15.62   9.03   0.12   1.80   0.55   0.79   0.17
20.100 1457.27   % cpx = 0  45.07  13.10  13.56  15.78   9.08   0.12   1.78   0.55   0.79   0.17
20.600 1462.65   % cpx = 0  45.01  12.99  13.52  15.93   9.14   0.12   1.77   0.55   0.79   0.17
21.100 1468.01   % cpx = 0  44.94  12.89  13.48  16.10   9.20   0.12   1.76   0.55   0.78   0.18
21.600 1473.33   % cpx = 0  44.88  12.79  13.44  16.26   9.26   0.12   1.75   0.55   0.78   0.18
22.100 1478.63   % cpx = 0  44.82  12.69  13.40  16.42   9.31   0.12   1.73   0.55   0.78   0.18
22.600 1483.90   % cpx = 0  44.77  12.59  13.35  16.58   9.37   0.12   1.72   0.55   0.77   0.18
23.100 1489.14   % cpx = 0  44.71  12.48  13.31  16.75   9.43   0.11   1.70   0.55   0.77   0.18
23.600 1494.35   % cpx = 0  44.65  12.38  13.26  16.92   9.48   0.11   1.69   0.55   0.77   0.19
24.100 1499.53   % cpx = 0  44.60  12.28  13.21  17.08   9.53   0.11   1.67   0.55   0.77   0.19
24.600 1504.67   % cpx = 0  44.55  12.18  13.16  17.25   9.59   0.11   1.66   0.55   0.76   0.19
25.100 1509.79   % cpx = 0  44.50  12.08  13.11  17.42   9.64   0.11   1.64   0.55   0.76   0.19
25.600 1514.87   % cpx = 0  44.45  11.98  13.06  17.59   9.69   0.11   1.63   0.55   0.76   0.19
26.100 1519.92   % cpx = 0  44.40  11.88  13.01  17.76   9.74   0.11   1.61   0.55   0.75   0.19
26.600 1524.94   % cpx = 0  44.35  11.78  12.95  17.93   9.79   0.11   1.59   0.55   0.75   0.20
27.100 1529.92   % cpx = 0  44.30  11.68  12.90  18.11   9.84   0.11   1.58   0.54   0.75   0.20
27.600 1534.88   % cpx = 0  44.25  11.58  12.84  18.28   9.89   0.11   1.56   0.54   0.74   0.20
28.100 1539.80   % cpx = 0  44.21  11.49  12.78  18.46   9.93   0.11   1.54   0.54   0.74   0.20
28.600 1544.69   % cpx = 0  44.16  11.39  12.73  18.63   9.98   0.11   1.52   0.54   0.74   0.20
29.100 1549.55   % cpx = 0  44.12  11.29  12.67  18.81  10.02   0.11   1.51   0.54   0.73   0.21
29.600 1554.38   % cpx = 0  44.07  11.20  12.61  18.99  10.07   0.10   1.49   0.54   0.73   0.21
30.100 1559.18   % cpx = 0  44.03  11.10  12.54  19.16  10.11   0.10   1.47   0.53   0.73   0.21
31.100 1568.69   % cpx = 0  43.94  10.92  12.42  19.52  10.20   0.10   1.44   0.53   0.72   0.21
31.600 1573.41   % cpx = 0  43.90  10.83  12.35  19.70  10.24   0.10   1.42   0.53   0.72   0.22
32.100 1578.09   % cpx = 0  43.86  10.74  12.29  19.88  10.28   0.10   1.40   0.52   0.71   0.22
32.326 1580.20   % cpx = 0  43.84  10.69  12.26  19.96  10.29   0.10   1.39   0.52   0.71   0.22

% ------------------------------
u14   liq ol opx cpx  - spn

i8  i4

8.564 1216.97   % pl = 0, spn = 0  49.53  19.54  10.16   8.66   5.18   0.42   5.21   0.53   0.71   0.06
8.600 1217.57   % spn = 0  49.52  19.53  10.16   8.67   5.19   0.42   5.21   0.53   0.71   0.06
9.100 1225.99   % spn = 0  49.38  19.44  10.18   8.80   5.28   0.42   5.19   0.54   0.72   0.06
9.600 1234.33   % spn = 0  49.24  19.34  10.20   8.92   5.37   0.43   5.17   0.55   0.72   0.06
10.100 1242.59   % spn = 0  49.10  19.24  10.23   9.05   5.47   0.44   5.14   0.55   0.72   0.06
10.600 1250.77   % spn = 0  48.97  19.13  10.25   9.19   5.56   0.45   5.11   0.56   0.73   0.06
11.100 1258.89   % spn = 0  48.84  19.02  10.28   9.32   5.66   0.46   5.07   0.56   0.73   0.06
11.600 1266.94   % spn = 0  48.71  18.91  10.31   9.47   5.76   0.46   5.02   0.56   0.73   0.07
12.100 1274.93   % spn = 0  48.58  18.79  10.34   9.61   5.86   0.47   4.97   0.57   0.74   0.07
12.600 1282.86   % spn = 0  48.46  18.67  10.37   9.76   5.96   0.48   4.92   0.57   0.74   0.07
13.100 1290.74   % spn = 0  48.33  18.55  10.40   9.92   6.07   0.49   4.86   0.57   0.75   0.07
13.600 1298.58   % spn = 0  48.20  18.43  10.43  10.07   6.18   0.49   4.80   0.57   0.75   0.07
14.100 1306.36   % spn = 0  48.08  18.30  10.46  10.24   6.28   0.50   4.74   0.57   0.76   0.07
14.600 1314.11   % spn = 0  47.95  18.17  10.49  10.41   6.40   0.51   4.67   0.57   0.77   0.08
15.100 1321.81   % spn = 0  47.82  18.03  10.53  10.58   6.51   0.52   4.59   0.57   0.77   0.08
15.600 1329.47   % spn = 0  47.69  17.90  10.56  10.75   6.62   0.53   4.52   0.57   0.78   0.08
16.100 1337.09   % spn = 0  47.56  17.76  10.60  10.93   6.74   0.53   4.44   0.56   0.79   0.08
16.600 1344.66   % spn = 0  47.43  17.62  10.64  11.12   6.86   0.54   4.35   0.56   0.80   0.08
17.100 1352.18   % spn = 0  47.29  17.47  10.67  11.31   6.98   0.55   4.27   0.55   0.81   0.09
17.600 1359.65   % spn = 0  47.16  17.32  10.71  11.50   7.11   0.56   4.18   0.55   0.82   0.09
18.100 1367.06   % spn = 0  47.03  17.18  10.75  11.70   7.23   0.56   4.09   0.54   0.84   0.09
18.600 1374.41   % spn = 0  46.89  17.02  10.78  11.90   7.36   0.57   4.00   0.53   0.85   0.09
19.100 1381.68   % spn = 0  46.76  16.87  10.82  12.10   7.48   0.58   3.91   0.53   0.87   0.10
19.600 1388.87   % spn = 0  46.62  16.71  10.85  12.30   7.61   0.59   3.82   0.52   0.88   0.10
20.100 1395.98   % spn = 0  46.49  16.56  10.89  12.51   7.73   0.59   3.72   0.51   0.90   0.10
20.600 1403.00   % spn = 0  46.36  16.40  10.92  12.71   7.86   0.60   3.63   0.51   0.91   0.10
21.100 1409.92   % spn = 0  46.23  16.24  10.94  12.92   7.98   0.61   3.54   0.50   0.93   0.11
21.410 1414.18   % spn = 0, g = 0  46.15  16.14  10.96  13.05   8.06   0.61   3.48   0.50   0.94   0.11

% ------------------------------
u15   spn ol opx cpx  - liq

i6  i1

9.807 1182.88   % liq = 0, pl = 0  52.33  20.39   7.46   6.49   3.66   1.24   7.38   0.46   0.56   0.04
10.100 1189.77   % liq = 0  52.15  20.31   7.56   6.63   3.75   1.25   7.29   0.46   0.56   0.04
10.600 1201.35   % liq = 0  51.86  20.18   7.73   6.86   3.92   1.25   7.12   0.46   0.58   0.04
11.100 1212.68   % liq = 0  51.57  20.04   7.89   7.10   4.09   1.26   6.95   0.47   0.59   0.04
11.600 1223.77   % liq = 0  51.29  19.90   8.05   7.34   4.26   1.26   6.78   0.47   0.60   0.04
12.100 1234.65   % liq = 0  51.02  19.75   8.21   7.58   4.43   1.26   6.61   0.48   0.61   0.05
12.600 1245.31   % liq = 0  50.75  19.60   8.37   7.82   4.60   1.27   6.44   0.48   0.63   0.05
13.100 1255.76   % liq = 0  50.48  19.45   8.52   8.07   4.77   1.27   6.27   0.48   0.64   0.05
13.600 1266.02   % liq = 0  50.23  19.29   8.67   8.32   4.95   1.27   6.10   0.48   0.66   0.05
14.100 1276.08   % liq = 0  49.97  19.13   8.81   8.56   5.12   1.27   5.93   0.48   0.67   0.06
14.600 1285.96   % liq = 0  49.72  18.97   8.95   8.82   5.29   1.26   5.76   0.48   0.68   0.06
15.100 1295.65   % liq = 0  49.48  18.80   9.08   9.07   5.47   1.26   5.60   0.48   0.70   0.06
15.600 1305.17   % liq = 0  49.24  18.63   9.21   9.32   5.64   1.26   5.43   0.48   0.72   0.06
16.100 1314.50   % liq = 0  49.00  18.46   9.34   9.58   5.82   1.25   5.27   0.48   0.73   0.06
16.600 1323.66   % liq = 0  48.77  18.29   9.46   9.83   5.99   1.25   5.12   0.47   0.75   0.07
17.100 1332.65   % liq = 0  48.55  18.12   9.58  10.09   6.16   1.24   4.96   0.47   0.77   0.07
17.600 1341.46   % liq = 0  48.33  17.94   9.69  10.34   6.33   1.23   4.81   0.47   0.78   0.07
18.100 1350.11   % liq = 0  48.11  17.77   9.79  10.60   6.50   1.23   4.66   0.46   0.80   0.08
18.600 1358.58   % liq = 0  47.91  17.59   9.89  10.85   6.67   1.22   4.51   0.46   0.82   0.08
19.100 1366.88   % liq = 0  47.70  17.41   9.98  11.10   6.83   1.21   4.37   0.46   0.84   0.08
19.600 1375.02   % liq = 0  47.50  17.23  10.07  11.36   7.00   1.21   4.23   0.45   0.86   0.08
20.100 1383.00   % liq = 0  47.31  17.06  10.16  11.61   7.16   1.20   4.10   0.45   0.88   0.09
20.600 1390.82   % liq = 0  47.12  16.88  10.23  11.85   7.32   1.19   3.97   0.45   0.90   0.09
21.100 1398.48   % liq = 0  46.93  16.70  10.31  12.10   7.48   1.18   3.84   0.45   0.92   0.09
21.182 1399.73   % liq = 0  46.90  16.67  10.32  12.14   7.50   1.18   3.82   0.45   0.93   0.09


% ------------------------------
u18   pl ol opx cpx  - liq

begin  i7

0.001 1128.90   % liq = 0  59.84  12.90   8.93   6.60   4.01   1.07   3.45   1.57   1.51   0.11
0.100 1130.77   % liq = 0  59.62  13.01   8.97   6.64   4.04   1.08   3.48   1.56   1.51   0.11
0.600 1139.61   % liq = 0  58.54  13.51   9.14   6.84   4.17   1.11   3.59   1.51   1.48   0.11
1.100 1147.53   % liq = 0  57.54  14.00   9.29   7.02   4.29   1.14   3.70   1.46   1.45   0.11
1.600 1154.63   % liq = 0  56.64  14.48   9.41   7.17   4.39   1.16   3.81   1.41   1.42   0.11
2.100 1160.99   % liq = 0  55.81  14.93   9.51   7.31   4.48   1.19   3.92   1.36   1.39   0.10
2.600 1166.68   % liq = 0  55.06  15.37   9.58   7.42   4.55   1.21   4.04   1.31   1.35   0.10
3.100 1171.75   % liq = 0  54.38  15.80   9.63   7.52   4.61   1.23   4.16   1.26   1.31   0.10
3.600 1176.24   % liq = 0  53.78  16.21   9.65   7.59   4.66   1.25   4.28   1.21   1.27   0.09
4.100 1180.19   % liq = 0  53.23  16.61   9.66   7.66   4.69   1.27   4.41   1.16   1.23   0.09
4.600 1183.62   % liq = 0  52.76  17.00   9.64   7.70   4.70   1.29   4.54   1.11   1.18   0.09
5.100 1186.54   % liq = 0  52.34  17.37   9.60   7.72   4.70   1.30   4.69   1.06   1.13   0.08
5.600 1188.97   % liq = 0  51.98  17.74   9.54   7.73   4.69   1.31   4.83   1.01   1.08   0.08
6.100 1190.90   % liq = 0  51.68  18.10   9.45   7.72   4.67   1.33   5.00   0.95   1.03   0.08
6.600 1192.32   % liq = 0  51.44  18.45   9.35   7.70   4.63   1.33   5.17   0.89   0.98   0.07
7.100 1193.21   % liq = 0  51.25  18.79   9.22   7.65   4.57   1.34   5.36   0.84   0.92   0.07
7.600 1193.52   % liq = 0  51.13  19.12   9.06   7.58   4.50   1.35   5.57   0.78   0.87   0.06
8.100 1193.20   % liq = 0  51.06  19.45   8.87   7.48   4.41   1.35   5.80   0.71   0.81   0.06
8.844 1191.36   % liq = 0, spn = 0  51.11  19.93   8.51   7.27   4.23   1.34   6.21   0.62   0.72   0.05


% ------------------------------
u19   liq pl ol opx cpx  - spn

i7  i8

8.844 1191.36   % liq = 0, spn = 0  51.11  19.93   8.51   7.27   4.23   1.34   6.21   0.62   0.72   0.05
8.836 1195.00   % spn = 0  50.95  19.87   8.71   7.45   4.34   1.10   6.19   0.61   0.72   0.05
8.802 1200.00   % spn = 0  50.70  19.79   9.01   7.70   4.52   0.84   6.08   0.59   0.72   0.05
8.743 1205.00   % spn = 0  50.39  19.71   9.33   7.98   4.71   0.65   5.89   0.57   0.72   0.06
8.671 1210.00   % spn = 0  50.05  19.63   9.67   8.26   4.90   0.53   5.63   0.56   0.72   0.06
8.594 1215.00   % spn = 0  49.68  19.56  10.02   8.55   5.10   0.44   5.34   0.54   0.71   0.06

% ------------------------------
u20   liq spn ol opx cpx  - pl

i6  i8

9.807 1182.88   % pl = 0  52.33  20.39   7.46   6.49   3.66   1.24   7.38   0.46   0.56   0.04
9.589 1187.88   % pl = 0  51.97  20.24   7.85   6.81   3.87   0.99   7.17   0.48   0.58   0.04
9.376 1192.88   % pl = 0  51.58  20.10   8.25   7.14   4.10   0.82   6.88   0.49   0.60   0.04
9.179 1197.88   % pl = 0  51.17  19.96   8.65   7.46   4.32   0.69   6.57   0.51   0.63   0.05
9.001 1202.88   % pl = 0  50.75  19.84   9.05   7.78   4.54   0.60   6.23   0.52   0.65   0.05
8.837 1207.88   % pl = 0  50.32  19.72   9.44   8.09   4.77   0.52   5.88   0.53   0.67   0.05
8.684 1212.88   % pl = 0  49.89  19.62   9.83   8.41   5.00   0.46   5.51   0.53   0.70   0.05
8.564 1216.97   % pl = 0, spn = 0  49.53  19.54  10.16   8.66   5.18   0.42   5.21   0.53   0.71   0.06

% ------------------------------
u21   pl spn ol opx cpx  - liq

i7  i6

8.844 1191.36   % liq = 0, spn = 0  51.11  19.93   8.51   7.27   4.23   1.34   6.21   0.62   0.72   0.05
9.044 1189.74   % liq = 0  51.35  20.03   8.31   7.12   4.11   1.31   6.45   0.58   0.68   0.05
9.244 1187.89   % liq = 0  51.62  20.13   8.09   6.96   3.99   1.29   6.70   0.54   0.64   0.04
9.444 1185.99   % liq = 0  51.88  20.23   7.86   6.79   3.87   1.26   6.95   0.51   0.61   0.04
9.644 1184.19   % liq = 0  52.14  20.32   7.63   6.62   3.75   1.25   7.20   0.48   0.58   0.04
9.807 1182.88   % liq = 0  52.33  20.39   7.46   6.49   3.66   1.24   7.38   0.46   0.56   0.04

% ------------------------------
u22   liq ol opx cpx  - pl

i9 i8

2.847 1225.34   % pl = 0, cpx = 0  51.65  15.27  13.36  10.22   6.20   0.10   1.67   0.45   0.93   0.15
3.100 1227.23   % pl = 0  51.33  15.47  13.35  10.27   6.24   0.11   1.72   0.45   0.92   0.15
3.600 1230.62   % pl = 0  50.71  15.88  13.31  10.34   6.31   0.11   1.84   0.46   0.91   0.13
4.100 1233.49   % pl = 0  50.15  16.28  13.24  10.38   6.36   0.12   1.98   0.47   0.90   0.12
4.600 1235.78   % pl = 0  49.64  16.67  13.15  10.40   6.39   0.13   2.13   0.48   0.89   0.11
5.100 1237.41   % pl = 0  49.21  17.05  13.01  10.39   6.40   0.15   2.31   0.49   0.88   0.10
5.600 1238.27   % pl = 0  48.86  17.43  12.84  10.34   6.39   0.16   2.53   0.50   0.86   0.10
6.100 1238.21   % pl = 0  48.61  17.79  12.60  10.25   6.33   0.18   2.78   0.51   0.85   0.09
6.600 1237.04   % pl = 0  48.47  18.15  12.29  10.10   6.23   0.20   3.10   0.52   0.83   0.08
7.100 1234.48   % pl = 0  48.49  18.51  11.90   9.87   6.07   0.24   3.50   0.53   0.81   0.08
7.600 1230.25   % pl = 0  48.67  18.86  11.41   9.55   5.84   0.28   4.00   0.54   0.78   0.07
8.100 1224.17   % pl = 0  49.04  19.21  10.80   9.13   5.53   0.34   4.59   0.54   0.75   0.06
8.564 1216.97   % pl = 0  49.53  19.54  10.16   8.66   5.18   0.42   5.21   0.53   0.71   0.06

% ------------------------------
u23   liq pl ol opx  - cpx

begin  i9

0.001 1181.47   % cpx = 0  57.10  12.67  12.17   8.78   5.41   0.12   1.77   0.56   1.20   0.22
0.100 1183.24   % cpx = 0  56.89  12.76  12.22   8.83   5.45   0.12   1.77   0.55   1.19   0.22
0.600 1191.84   % cpx = 0  55.85  13.23  12.45   9.10   5.60   0.12   1.77   0.54   1.14   0.20
1.100 1199.96   % cpx = 0  54.84  13.69  12.67   9.37   5.75   0.12   1.76   0.52   1.09   0.19
1.600 1207.66   % cpx = 0  53.88  14.15  12.88   9.62   5.89   0.11   1.74   0.50   1.05   0.18
2.100 1214.99   % cpx = 0  52.96  14.60  13.08   9.87   6.02   0.11   1.72   0.48   1.00   0.17
2.600 1221.99   % cpx = 0  52.07  15.05  13.27  10.11   6.14   0.11   1.69   0.46   0.95   0.16
2.847 1225.34   % cpx = 0  51.65  15.27  13.36  10.22   6.20   0.10   1.67   0.45   0.93   0.15

% ------------------------------
u24   liq ol  - opx

begin  i10

0.001 1312.35   % opx = 0  54.81  12.41  10.36  11.89   6.90   0.06   1.06   0.38   0.98   1.14
0.100 1315.23   % opx = 0  54.77  12.38  10.33  11.97   6.92   0.06   1.06   0.38   0.98   1.14
1.100 1343.96   % opx = 0  54.37  12.06  10.08  12.75   7.20   0.06   1.03   0.37   0.96   1.11
2.100 1371.92   % opx = 0  53.97  11.74   9.83  13.56   7.47   0.06   1.00   0.36   0.93   1.08
3.100 1398.98   % opx = 0  53.56  11.41   9.57  14.40   7.73   0.06   0.97   0.35   0.90   1.05
4.100 1425.03   % opx = 0  53.16  11.08   9.31  15.25   7.96   0.06   0.95   0.34   0.88   1.02
5.100 1450.00   % opx = 0  52.76  10.75   9.05  16.11   8.18   0.06   0.92   0.33   0.85   0.99
6.100 1473.86   % opx = 0  52.38  10.43   8.80  16.97   8.38   0.05   0.89   0.32   0.83   0.96
7.100 1496.58   % opx = 0  52.00  10.11   8.55  17.83   8.55   0.05   0.86   0.31   0.80   0.93
8.100 1518.19   % opx = 0  51.64   9.81   8.30  18.68   8.70   0.05   0.84   0.30   0.78   0.90
9.100 1538.70   % opx = 0  51.30   9.51   8.07  19.51   8.83   0.05   0.81   0.29   0.75   0.88
10.100 1558.17   % opx = 0  50.97   9.23   7.84  20.32   8.94   0.05   0.79   0.28   0.73   0.85
11.100 1576.63   % opx = 0  50.66   8.96   7.62  21.12   9.03   0.05   0.76   0.28   0.71   0.82
12.100 1594.14   % opx = 0  50.37   8.69   7.41  21.89   9.10   0.05   0.74   0.27   0.69   0.80
13.100 1610.75   % opx = 0  50.09   8.45   7.20  22.63   9.16   0.04   0.72   0.26   0.67   0.78
14.100 1626.53   % opx = 0  49.82   8.21   7.01  23.35   9.20   0.04   0.70   0.25   0.65   0.76
15.100 1641.52   % opx = 0  49.57   7.98   6.83  24.05   9.23   0.04   0.68   0.25   0.63   0.74
16.100 1655.78   % opx = 0  49.34   7.77   6.65  24.72   9.25   0.04   0.66   0.24   0.62   0.72
17.100 1669.35   % opx = 0  49.11   7.56   6.48  25.37   9.26   0.04   0.65   0.23   0.60   0.70
18.100 1682.28   % opx = 0  48.90   7.37   6.32  25.99   9.26   0.04   0.63   0.23   0.58   0.68
19.100 1694.62   % opx = 0  48.70   7.18   6.17  26.59   9.26   0.04   0.61   0.22   0.57   0.66
20.100 1706.40   % opx = 0  48.52   7.01   6.02  27.17   9.24   0.04   0.60   0.22   0.55   0.65
21.100 1717.66   % opx = 0  48.34   6.84   5.88  27.72   9.22   0.04   0.58   0.21   0.54   0.63
22.100 1728.44   % opx = 0  48.17   6.68   5.75  28.26   9.20   0.03   0.57   0.21   0.53   0.62
23.100 1738.77   % opx = 0  48.01   6.53   5.62  28.77   9.17   0.03   0.56   0.20   0.52   0.60
24.100 1748.67   % opx = 0  47.86   6.38   5.50  29.27   9.13   0.03   0.54   0.20   0.51   0.59
25.100 1758.17   % opx = 0  47.71   6.24   5.38  29.74   9.10   0.03   0.53   0.19   0.49   0.57
26.100 1767.31   % opx = 0  47.58   6.11   5.27  30.20   9.06   0.03   0.52   0.19   0.48   0.56
27.100 1776.09   % opx = 0  47.45   5.98   5.16  30.65   9.02   0.03   0.51   0.18   0.47   0.55
28.100 1784.55   % opx = 0  47.32   5.86   5.06  31.08   8.97   0.03   0.50   0.18   0.46   0.54
29.100 1792.70   % opx = 0  47.21   5.74   4.96  31.49   8.93   0.03   0.49   0.18   0.45   0.53
30.100 1800.56   % opx = 0  47.09   5.63   4.86  31.89   8.88   0.03   0.48   0.17   0.45   0.52
31.100 1808.14   % opx = 0  46.98   5.52   4.77  32.27   8.84   0.03   0.47   0.17   0.44   0.51
32.100 1815.47   % opx = 0  46.88   5.41   4.68  32.65   8.79   0.03   0.46   0.17   0.43   0.50
33.100 1822.56   % opx = 0  46.78   5.31   4.60  33.01   8.74   0.03   0.45   0.16   0.42   0.49
34.100 1829.41   % opx = 0  46.69   5.22   4.52  33.36   8.69   0.03   0.45   0.16   0.41   0.48
35.100 1836.06   % opx = 0  46.60   5.13   4.44  33.69   8.64   0.03   0.44   0.16   0.41   0.47
36.100 1842.49   % opx = 0  46.51   5.04   4.36  34.02   8.59   0.03   0.43   0.16   0.40   0.46
37.100 1848.74   % opx = 0  46.43   4.95   4.29  34.34   8.54   0.03   0.42   0.15   0.39   0.46
38.100 1854.80   % opx = 0  46.35   4.87   4.22  34.65   8.49   0.03   0.42   0.15   0.39   0.45
39.100 1860.68   % opx = 0  46.27   4.79   4.15  34.95   8.44   0.02   0.41   0.15   0.38   0.44
40.100 1866.41   % opx = 0  46.20   4.71   4.09  35.24   8.39   0.02   0.40   0.15   0.37   0.43
41.100 1871.97   % opx = 0  46.12   4.63   4.02  35.52   8.34   0.02   0.40   0.14   0.37   0.43
42.100 1877.40   % opx = 0  46.05   4.56   3.96  35.79   8.30   0.02   0.39   0.14   0.36   0.42
43.100 1882.68   % opx = 0  45.99   4.49   3.90  36.06   8.25   0.02   0.38   0.14   0.36   0.41
44.100 1887.83   % opx = 0  45.92   4.42   3.84  36.32   8.20   0.02   0.38   0.14   0.35   0.41
45.100 1892.85   % opx = 0  45.86   4.35   3.78  36.58   8.15   0.02   0.37   0.13   0.34   0.40
46.100 1897.76   % opx = 0  45.80   4.29   3.73  36.82   8.10   0.02   0.37   0.13   0.34   0.40
47.100 1902.55   % opx = 0  45.74   4.23   3.67  37.07   8.06   0.02   0.36   0.13   0.33   0.39
48.100 1907.24   % opx = 0  45.68   4.17   3.62  37.30   8.01   0.02   0.36   0.13   0.33   0.38
49.100 1911.82   % opx = 0  45.63   4.11   3.57  37.53   7.96   0.02   0.35   0.13   0.33   0.38
50.000 1915.87   % opx = 0  45.58   4.05   3.53  37.74   7.92   0.02   0.35   0.12   0.32   0.37
50.500 1918.08   % opx = 0  45.55   4.02   3.50  37.85   7.90   0.02   0.34   0.12   0.32   0.37
51.000 1920.28   % opx = 0  45.53   4.00   3.48  37.96   7.88   0.02   0.34   0.12   0.32   0.37
51.500 1922.45   % opx = 0  45.50   3.97   3.45  38.07   7.85   0.02   0.34   0.12   0.31   0.37
52.000 1924.60   % opx = 0  45.47   3.94   3.43  38.17   7.83   0.02   0.34   0.12   0.31   0.36
52.500 1926.73   % opx = 0  45.45   3.91   3.41  38.28   7.81   0.02   0.33   0.12   0.31   0.36
53.000 1928.84   % opx = 0  45.42   3.89   3.38  38.39   7.78   0.02   0.33   0.12   0.31   0.36
53.500 1930.93   % opx = 0  45.40   3.86   3.36  38.49   7.76   0.02   0.33   0.12   0.31   0.36
54.000 1933.01   % opx = 0  45.38   3.83   3.34  38.59   7.74   0.02   0.33   0.12   0.30   0.35
54.500 1935.06   % opx = 0  45.35   3.81   3.31  38.70   7.72   0.02   0.32   0.12   0.30   0.35
55.000 1937.10   % opx = 0  45.33   3.78   3.29  38.80   7.70   0.02   0.32   0.12   0.30   0.35
55.500 1939.12   % opx = 0  45.30   3.76   3.27  38.90   7.67   0.02   0.32   0.12   0.30   0.35
56.000 1941.13   % opx = 0  45.28   3.73   3.25  39.00   7.65   0.02   0.32   0.11   0.30   0.34
56.500 1943.11   % opx = 0  45.26   3.70   3.23  39.10   7.63   0.02   0.32   0.11   0.29   0.34
57.000 1945.08   % opx = 0  45.24   3.68   3.20  39.20   7.61   0.02   0.31   0.11   0.29   0.34
57.500 1947.04   % opx = 0  45.21   3.65   3.18  39.29   7.59   0.02   0.31   0.11   0.29   0.34
58.000 1948.98   % opx = 0  45.19   3.63   3.16  39.39   7.56   0.02   0.31   0.11   0.29   0.33
58.500 1950.91   % opx = 0  45.17   3.61   3.14  39.48   7.54   0.02   0.31   0.11   0.29   0.33
59.000 1952.82   % opx = 0  45.15   3.58   3.12  39.58   7.52   0.02   0.31   0.11   0.28   0.33
59.500 1954.72   % opx = 0  45.13   3.56   3.10  39.67   7.50   0.02   0.30   0.11   0.28   0.33

% ------------------------------
u25   liq  - ol

begin  i10

0.001 1807.97   % ol = 0  45.11   3.54   3.08  39.75   7.48   0.02   0.30   0.11   0.28   0.33
0.100 1808.54   % ol = 0  45.11   3.54   3.08  39.75   7.48   0.02   0.30   0.11   0.28   0.33
1.100 1814.14   % ol = 0  45.11   3.54   3.08  39.75   7.48   0.02   0.30   0.11   0.28   0.33
2.100 1819.53   % ol = 0  45.11   3.54   3.08  39.75   7.48   0.02   0.30   0.11   0.28   0.33
3.100 1824.73   % ol = 0  45.11   3.54   3.08  39.75   7.48   0.02   0.30   0.11   0.28   0.33
4.100 1829.74   % ol = 0  45.11   3.54   3.08  39.75   7.48   0.02   0.30   0.11   0.28   0.33
5.100 1834.57   % ol = 0  45.11   3.54   3.08  39.75   7.48   0.02   0.30   0.11   0.28   0.33
6.100 1839.23   % ol = 0  45.11   3.54   3.08  39.75   7.48   0.02   0.30   0.11   0.28   0.33
7.100 1843.74   % ol = 0  45.11   3.54   3.08  39.75   7.48   0.02   0.30   0.11   0.28   0.33
8.100 1848.09   % ol = 0  45.11   3.54   3.08  39.75   7.48   0.02   0.30   0.11   0.28   0.33
9.100 1852.29   % ol = 0  45.11   3.54   3.08  39.75   7.48   0.02   0.30   0.11   0.28   0.33
10.100 1856.35   % ol = 0  45.11   3.54   3.08  39.75   7.48   0.02   0.30   0.11   0.28   0.33
11.100 1860.28   % ol = 0  45.11   3.54   3.08  39.75   7.48   0.02   0.30   0.11   0.28   0.33
12.100 1864.07   % ol = 0  45.11   3.54   3.08  39.75   7.48   0.02   0.30   0.11   0.28   0.33
13.100 1867.74   % ol = 0  45.11   3.54   3.08  39.75   7.48   0.02   0.30   0.11   0.28   0.33
14.100 1871.30   % ol = 0  45.11   3.54   3.08  39.75   7.48   0.02   0.30   0.11   0.28   0.33
15.100 1874.74   % ol = 0  45.11   3.54   3.08  39.75   7.48   0.02   0.30   0.11   0.28   0.33
16.100 1878.06   % ol = 0  45.11   3.54   3.08  39.75   7.48   0.02   0.30   0.11   0.28   0.33
17.100 1881.28   % ol = 0  45.11   3.54   3.08  39.75   7.48   0.02   0.30   0.11   0.28   0.33
18.100 1884.40   % ol = 0  45.11   3.54   3.08  39.75   7.48   0.02   0.30   0.11   0.28   0.33
19.100 1887.42   % ol = 0  45.11   3.54   3.08  39.75   7.48   0.02   0.30   0.11   0.28   0.33
20.100 1890.35   % ol = 0  45.11   3.54   3.08  39.75   7.48   0.02   0.30   0.11   0.28   0.33
21.100 1893.18   % ol = 0  45.11   3.54   3.08  39.75   7.48   0.02   0.30   0.11   0.28   0.33
22.100 1895.93   % ol = 0  45.11   3.54   3.08  39.75   7.48   0.02   0.30   0.11   0.28   0.33
23.100 1898.59   % ol = 0  45.11   3.54   3.08  39.75   7.48   0.02   0.30   0.11   0.28   0.33
24.100 1901.17   % ol = 0  45.11   3.54   3.08  39.75   7.48   0.02   0.30   0.11   0.28   0.33
25.100 1903.67   % ol = 0  45.11   3.54   3.08  39.75   7.48   0.02   0.30   0.11   0.28   0.33
26.100 1906.09   % ol = 0  45.11   3.54   3.08  39.75   7.48   0.02   0.30   0.11   0.28   0.33
27.100 1908.44   % ol = 0  45.11   3.54   3.08  39.75   7.48   0.02   0.30   0.11   0.28   0.33
28.100 1910.72   % ol = 0  45.11   3.54   3.08  39.75   7.48   0.02   0.30   0.11   0.28   0.33
29.100 1912.93   % ol = 0  45.11   3.54   3.08  39.75   7.48   0.02   0.30   0.11   0.28   0.33
30.100 1915.07   % ol = 0  45.11   3.54   3.08  39.75   7.48   0.02   0.30   0.11   0.28   0.33
31.100 1917.14   % ol = 0  45.11   3.54   3.08  39.75   7.48   0.02   0.30   0.11   0.28   0.33
32.100 1919.15   % ol = 0  45.11   3.54   3.08  39.75   7.48   0.02   0.30   0.11   0.28   0.33
33.100 1921.11   % ol = 0  45.11   3.54   3.08  39.75   7.48   0.02   0.30   0.11   0.28   0.33
34.100 1923.00   % ol = 0  45.11   3.54   3.08  39.75   7.48   0.02   0.30   0.11   0.28   0.33
35.100 1924.84   % ol = 0  45.11   3.54   3.08  39.75   7.48   0.02   0.30   0.11   0.28   0.33
36.100 1926.62   % ol = 0  45.11   3.54   3.08  39.75   7.48   0.02   0.30   0.11   0.28   0.33
37.100 1928.34   % ol = 0  45.11   3.54   3.08  39.75   7.48   0.02   0.30   0.11   0.28   0.33
38.100 1930.02   % ol = 0  45.11   3.54   3.08  39.75   7.48   0.02   0.30   0.11   0.28   0.33
39.100 1931.65   % ol = 0  45.11   3.54   3.08  39.75   7.48   0.02   0.30   0.11   0.28   0.33
40.100 1933.22   % ol = 0  45.11   3.54   3.08  39.75   7.48   0.02   0.30   0.11   0.28   0.33
41.100 1934.75   % ol = 0  45.11   3.54   3.08  39.75   7.48   0.02   0.30   0.11   0.28   0.33
42.100 1936.23   % ol = 0  45.11   3.54   3.08  39.75   7.48   0.02   0.30   0.11   0.28   0.33
43.100 1937.67   % ol = 0  45.11   3.54   3.08  39.75   7.48   0.02   0.30   0.11   0.28   0.33
44.100 1939.07   % ol = 0  45.11   3.54   3.08  39.75   7.48   0.02   0.30   0.11   0.28   0.33
45.100 1940.42   % ol = 0  45.11   3.54   3.08  39.75   7.48   0.02   0.30   0.11   0.28   0.33
46.100 1941.73   % ol = 0  45.11   3.54   3.08  39.75   7.48   0.02   0.30   0.11   0.28   0.33
47.100 1943.01   % ol = 0  45.11   3.54   3.08  39.75   7.48   0.02   0.30   0.11   0.28   0.33
48.100 1944.24   % ol = 0  45.11   3.54   3.08  39.75   7.48   0.02   0.30   0.11   0.28   0.33
49.100 1945.44   % ol = 0  45.11   3.54   3.08  39.75   7.48   0.02   0.30   0.11   0.28   0.33
50.000 1946.48   % ol = 0  45.11   3.54   3.08  39.75   7.48   0.02   0.30   0.11   0.28   0.33
50.500 1947.05   % ol = 0  45.11   3.54   3.08  39.75   7.48   0.02   0.30   0.11   0.28   0.33
51.000 1947.61   % ol = 0  45.11   3.54   3.08  39.75   7.48   0.02   0.30   0.11   0.28   0.33
51.500 1948.16   % ol = 0  45.11   3.54   3.08  39.75   7.48   0.02   0.30   0.11   0.28   0.33
52.000 1948.71   % ol = 0  45.11   3.54   3.08  39.75   7.48   0.02   0.30   0.11   0.28   0.33
52.500 1949.24   % ol = 0  45.11   3.54   3.08  39.75   7.48   0.02   0.30   0.11   0.28   0.33
53.000 1949.77   % ol = 0  45.11   3.54   3.08  39.75   7.48   0.02   0.30   0.11   0.28   0.33
53.500 1950.29   % ol = 0  45.11   3.54   3.08  39.75   7.48   0.02   0.30   0.11   0.28   0.33
54.000 1950.80   % ol = 0  45.11   3.54   3.08  39.75   7.48   0.02   0.30   0.11   0.28   0.33
54.500 1951.30   % ol = 0  45.11   3.54   3.08  39.75   7.48   0.02   0.30   0.11   0.28   0.33
55.000 1951.80   % ol = 0  45.11   3.54   3.08  39.75   7.48   0.02   0.30   0.11   0.28   0.33
55.500 1952.29   % ol = 0  45.11   3.54   3.08  39.75   7.48   0.02   0.30   0.11   0.28   0.33
56.000 1952.77   % ol = 0  45.11   3.54   3.08  39.75   7.48   0.02   0.30   0.11   0.28   0.33
56.500 1953.24   % ol = 0  45.11   3.54   3.08  39.75   7.48   0.02   0.30   0.11   0.28   0.33
57.000 1953.71   % ol = 0  45.11   3.54   3.08  39.75   7.48   0.02   0.30   0.11   0.28   0.33
57.500 1954.16   % ol = 0  45.11   3.54   3.08  39.75   7.48   0.02   0.30   0.11   0.28   0.33
58.000 1954.62   % ol = 0  45.11   3.54   3.08  39.75   7.48   0.02   0.30   0.11   0.28   0.33
58.500 1955.06   % ol = 0  45.11   3.54   3.08  39.75   7.48   0.02   0.30   0.11   0.28   0.33
59.000 1955.50   % ol = 0  45.11   3.54   3.08  39.75   7.48   0.02   0.30   0.11   0.28   0.33
59.500 1955.93   % ol = 0  45.11   3.54   3.08  39.75   7.48   0.02   0.30   0.11   0.28   0.33
60.000 1956.35   % ol = 0  45.11   3.54   3.08  39.75   7.48   0.02   0.30   0.11   0.28   0.33
60.500 1956.77   % ol = 0  45.11   3.54   3.08  39.75   7.48   0.02   0.30   0.11   0.28   0.33
61.000 1957.18   % ol = 0  45.11   3.54   3.08  39.75   7.48   0.02   0.30   0.11   0.28   0.33
61.500 1957.59   % ol = 0  45.11   3.54   3.08  39.75   7.48   0.02   0.30   0.11   0.28   0.33
62.000 1957.99   % ol = 0  45.11   3.54   3.08  39.75   7.48   0.02   0.30   0.11   0.28   0.33
62.500 1958.38   % ol = 0  45.11   3.54   3.08  39.75   7.48   0.02   0.30   0.11   0.28   0.33
63.000 1958.77   % ol = 0  45.11   3.54   3.08  39.75   7.48   0.02   0.30   0.11   0.28   0.33
63.500 1959.15   % ol = 0  45.11   3.54   3.08  39.75   7.48   0.02   0.30   0.11   0.28   0.33
64.000 1959.52   % ol = 0  45.11   3.54   3.08  39.75   7.48   0.02   0.30   0.11   0.28   0.33
64.500 1959.89   % ol = 0  45.11   3.54   3.08  39.75   7.48   0.02   0.30   0.11   0.28   0.33
65.000 1960.25   % ol = 0  45.11   3.54   3.08  39.75   7.48   0.02   0.30   0.11   0.28   0.33
65.500 1960.61   % ol = 0  45.11   3.54   3.08  39.75   7.48   0.02   0.30   0.11   0.28   0.33
66.000 1960.96   % ol = 0  45.11   3.54   3.08  39.75   7.48   0.02   0.30   0.11   0.28   0.33
66.500 1961.31   % ol = 0  45.11   3.54   3.08  39.75   7.48   0.02   0.30   0.11   0.28   0.33
67.000 1961.65   % ol = 0  45.11   3.54   3.08  39.75   7.48   0.02   0.30   0.11   0.28   0.33
67.500 1961.99   % ol = 0  45.11   3.54   3.08  39.75   7.48   0.02   0.30   0.11   0.28   0.33
68.000 1962.32   % ol = 0  45.11   3.54   3.08  39.75   7.48   0.02   0.30   0.11   0.28   0.33
68.500 1962.64   % ol = 0  45.11   3.54   3.08  39.75   7.48   0.02   0.30   0.11   0.28   0.33
69.000 1962.97   % ol = 0  45.11   3.54   3.08  39.75   7.48   0.02   0.30   0.11   0.28   0.33
69.500 1963.28   % ol = 0  45.11   3.54   3.08  39.75   7.48   0.02   0.30   0.11   0.28   0.33
70.000 1963.59   % ol = 0  45.11   3.54   3.08  39.75   7.48   0.02   0.30   0.11   0.28   0.33

% ------------------------------
u26   liq ol opx  - pl

begin  i9

0.001 1207.40   % pl = 0  55.04  14.04  12.19   9.68   5.81   0.08   1.34   0.44   1.03   0.34
0.100 1208.06   % pl = 0  54.95  14.07  12.23   9.70   5.83   0.08   1.35   0.44   1.02   0.33
0.600 1211.38   % pl = 0  54.43  14.24  12.43   9.81   5.89   0.09   1.40   0.44   1.01   0.28
1.100 1214.69   % pl = 0  53.85  14.44  12.64   9.91   5.96   0.09   1.45   0.44   0.99   0.24
1.600 1217.93   % pl = 0  53.23  14.66  12.85  10.01   6.03   0.09   1.51   0.45   0.97   0.21
2.100 1221.04   % pl = 0  52.59  14.90  13.06  10.10   6.10   0.10   1.57   0.45   0.95   0.18
2.600 1223.97   % pl = 0  51.96  15.14  13.26  10.19   6.17   0.10   1.63   0.45   0.94   0.16
2.847 1225.34   % pl = 0  51.65  15.27  13.36  10.22   6.20   0.10   1.67   0.45   0.93   0.15

% ------------------------------
u27   liq  - opx

i10  end

55.000 1935.65   % opx = 0  45.11   3.54   3.08  39.75   7.48   0.02   0.30   0.11   0.28   0.33
55.500 1937.76   % opx = 0  45.11   3.54   3.08  39.75   7.48   0.02   0.30   0.11   0.28   0.33
56.000 1939.86   % opx = 0  45.11   3.54   3.08  39.75   7.48   0.02   0.30   0.11   0.28   0.33
56.500 1941.97   % opx = 0  45.11   3.54   3.08  39.75   7.48   0.02   0.30   0.11   0.28   0.33
57.000 1944.07   % opx = 0  45.11   3.54   3.08  39.75   7.48   0.02   0.30   0.11   0.28   0.33
57.500 1946.17   % opx = 0  45.11   3.54   3.08  39.75   7.48   0.02   0.30   0.11   0.28   0.33
58.000 1948.27   % opx = 0  45.11   3.54   3.08  39.75   7.48   0.02   0.30   0.11   0.28   0.33
58.500 1950.36   % opx = 0  45.11   3.54   3.08  39.75   7.48   0.02   0.30   0.11   0.28   0.33
59.000 1952.46   % opx = 0  45.11   3.54   3.08  39.75   7.48   0.02   0.30   0.11   0.28   0.33
59.500 1954.55   % opx = 0  45.11   3.54   3.08  39.75   7.48   0.02   0.30   0.11   0.28   0.33
60.000 1956.65   % opx = 0  45.11   3.54   3.08  39.75   7.48   0.02   0.30   0.11   0.28   0.33
60.500 1958.74   % opx = 0  45.11   3.54   3.08  39.75   7.48   0.02   0.30   0.11   0.28   0.33
61.000 1960.84   % opx = 0  45.11   3.54   3.08  39.75   7.48   0.02   0.30   0.11   0.28   0.33
61.500 1962.93   % opx = 0  45.11   3.54   3.08  39.75   7.48   0.02   0.30   0.11   0.28   0.33
62.000 1965.03   % opx = 0  45.11   3.54   3.08  39.75   7.48   0.02   0.30   0.11   0.28   0.33
62.500 1967.13   % opx = 0  45.11   3.54   3.08  39.75   7.48   0.02   0.30   0.11   0.28   0.33
63.000 1969.23   % opx = 0  45.11   3.54   3.08  39.75   7.48   0.02   0.30   0.11   0.28   0.33
63.500 1971.33   % opx = 0  45.11   3.54   3.08  39.75   7.48   0.02   0.30   0.11   0.28   0.33
64.000 1973.44   % opx = 0  45.11   3.54   3.08  39.75   7.48   0.02   0.30   0.11   0.28   0.33
64.500 1975.54   % opx = 0  45.11   3.54   3.08  39.75   7.48   0.02   0.30   0.11   0.28   0.33
65.000 1977.65   % opx = 0  45.11   3.54   3.08  39.75   7.48   0.02   0.30   0.11   0.28   0.33
65.500 1979.77   % opx = 0  45.11   3.54   3.08  39.75   7.48   0.02   0.30   0.11   0.28   0.33
66.000 1981.89   % opx = 0  45.11   3.54   3.08  39.75   7.48   0.02   0.30   0.11   0.28   0.33
66.500 1984.01   % opx = 0  45.11   3.54   3.08  39.75   7.48   0.02   0.30   0.11   0.28   0.33
67.000 1986.13   % opx = 0  45.11   3.54   3.08  39.75   7.48   0.02   0.30   0.11   0.28   0.33
67.500 1988.27   % opx = 0  45.11   3.54   3.08  39.75   7.48   0.02   0.30   0.11   0.28   0.33
68.000 1990.40   % opx = 0  45.11   3.54   3.08  39.75   7.48   0.02   0.30   0.11   0.28   0.33
68.500 1992.55   % opx = 0  45.11   3.54   3.08  39.75   7.48   0.02   0.30   0.11   0.28   0.33
69.000 1994.69   % opx = 0  45.11   3.54   3.08  39.75   7.48   0.02   0.30   0.11   0.28   0.33
69.500 1996.85   % opx = 0  45.11   3.54   3.08  39.75   7.48   0.02   0.30   0.11   0.28   0.33
70.000 1999.01   % opx = 0  45.11   3.54   3.08  39.75   7.48   0.02   0.30   0.11   0.28   0.33

% ------------------------------
u28   liq opx  - ol

i10  end

60.000 1956.38   % ol = 0  45.10   3.54   3.09  39.75   7.49   0.02   0.30   0.11   0.28   0.33
60.500 1956.93   % ol = 0  45.04   3.55   3.10  39.77   7.51   0.02   0.30   0.11   0.28   0.32
61.000 1957.49   % ol = 0  44.98   3.56   3.11  39.78   7.54   0.02   0.30   0.11   0.28   0.32
61.500 1958.04   % ol = 0  44.92   3.57   3.12  39.79   7.56   0.02   0.30   0.11   0.28   0.32
62.000 1958.59   % ol = 0  44.86   3.58   3.14  39.81   7.59   0.02   0.30   0.11   0.28   0.32
62.500 1959.14   % ol = 0  44.80   3.59   3.15  39.82   7.61   0.02   0.30   0.11   0.28   0.32
63.000 1959.70   % ol = 0  44.75   3.60   3.16  39.83   7.63   0.02   0.29   0.11   0.28   0.32
63.500 1960.24   % ol = 0  44.69   3.61   3.17  39.85   7.66   0.02   0.29   0.11   0.28   0.31
64.000 1960.79   % ol = 0  44.64   3.62   3.18  39.86   7.68   0.02   0.29   0.11   0.28   0.31
64.500 1961.34   % ol = 0  44.59   3.63   3.20  39.88   7.70   0.02   0.29   0.11   0.28   0.31
65.000 1961.89   % ol = 0  44.53   3.64   3.21  39.89   7.72   0.02   0.29   0.11   0.28   0.31
65.500 1962.43   % ol = 0  44.48   3.65   3.22  39.90   7.74   0.02   0.28   0.11   0.28   0.31
66.000 1962.98   % ol = 0  44.43   3.66   3.23  39.92   7.76   0.02   0.28   0.11   0.28   0.31
66.500 1963.52   % ol = 0  44.38   3.66   3.24  39.93   7.78   0.02   0.28   0.11   0.28   0.31
67.000 1964.06   % ol = 0  44.33   3.67   3.25  39.94   7.80   0.02   0.28   0.12   0.28   0.30
67.500 1964.60   % ol = 0  44.29   3.68   3.26  39.96   7.82   0.02   0.28   0.12   0.28   0.30
68.500 1965.68   % ol = 0  44.19   3.69   3.28  39.99   7.86   0.02   0.27   0.12   0.28   0.30
69.000 1966.22   % ol = 0  44.15   3.70   3.29  40.00   7.88   0.02   0.27   0.12   0.28   0.30
69.500 1966.75   % ol = 0  44.10   3.71   3.30  40.02   7.90   0.02   0.27   0.12   0.28   0.30
70.000 1967.29   % ol = 0  44.06   3.71   3.31  40.03   7.92   0.02   0.27   0.12   0.28   0.29



% ------------------------------
i1   spn ol opx cpx  - liq g

21.182 1399.73   % liq = 0, g = 0  46.90  16.67  10.32  12.14   7.50   1.18   3.82   0.45   0.93   0.09

% ------------------------------
i2   g ol opx cpx  - liq spn

21.352 1401.44   % liq = 0, spn = 0  46.93  16.62  10.27  12.14   7.47   1.21   3.85   0.45   0.96   0.10

% ------------------------------
i3   g ol cpx  - liq opx

30.566 1531.34   % liq = 0, opx = 0  44.37  12.19  11.20  16.74  10.10   1.00   2.04   0.45   1.78   0.13

% ------------------------------
i4   liq ol opx cpx  - spn g

21.410 1414.18   % spn = 0, g = 0  46.15  16.14  10.96  13.05   8.06   0.61   3.48   0.50   0.94   0.11

% ------------------------------
i5   liq ol opx  - g cpx

32.326 1580.20   % g = 0, cpx = 0  43.84  10.69  12.26  19.96  10.29   0.10   1.39   0.52   0.71   0.22

% ------------------------------
i6   spn ol opx cpx  - liq pl

9.807 1182.88   % liq = 0, pl = 0  52.33  20.39   7.46   6.49   3.66   1.24   7.38   0.46   0.56   0.04

% ------------------------------
i7   pl ol opx cpx  - liq spn

8.844 1191.36   % liq = 0, spn = 0  51.11  19.93   8.51   7.27   4.23   1.34   6.21   0.62   0.72   0.05


% ------------------------------
i8   liq ol opx cpx  - pl spn

8.564 1216.97   % pl = 0, spn = 0  49.53  19.54  10.16   8.66   5.18   0.42   5.21   0.53   0.71   0.06

% ------------------------------
i9   liq ol opx  - pl cpx

2.847 1225.34   % pl = 0, cpx = 0  51.65  15.27  13.36  10.22   6.20   0.10   1.67   0.45   0.93   0.15

% ------------------------------
i10   liq  - ol opx

59.912 1956.28   % ol = 0, opx = 0  45.11   3.54   3.08  39.75   7.48   0.02   0.30   0.11   0.28   0.33


*

% _____________________________________________
% Areas

% 1 phase fields
0.0 u25 u27 % liq

% 2 phase fields
0.2 u24 u25 % ol liq
0.2 u28 u27 % opx liq

% 3 phase fields
0.4 u26 u13 u12 u28 u24 % opx ol liq

% 4 phase fields
0.6 u22 u14 u10 u13 % cpx opx ol liq
0.6 u5 u7 % g cpx ol liq
0.6 u11 u12 % g opx ol liq
0.6 u23 u26 % pl opx ol liq

% 5 phase fields
0.8 u20 u15 u9 u14 % spn cpx opx ol liq
0.8 u18 u19 u22 u23 % pl cpx opx ol liq
0.8 u4 u7 u11 u10 % g cpx opx ol liq

% 6 phase fields
1.0 u9 u3 u8 % spn cpx opx ol g liq
1.0 u19 u20 u21 % spn cpx opx ol pl liq


*
% _____________________________________________


window  800 2100 0.001 70                % 610 810 2 7.5   % T,P window

bigticks  100 800 10 10             % 20 620  1 2    % main T ticks at 20 intervals, starting at 640

smallticks 20 2        % minor T,P ticks

darkcolour 20 20 255    	% red green blue in 0<->255 => Illustrator RGB
                        % this choice gives the diagram in blues

showlineinfo yes        % puts line info into log file
doareas yes             % uses the area info
numbering yes            % numbering the lines on the diagram

*

% storage
